I/art: CollectorTransition marksweep + semispace GC freed 1615(43KB) AllocSpace objects, 0(0B) LOS objects, 24% free, 5MB/6MB, paused 70.657ms total 70.657ms
V/acc_v: 9.409054;22.088392;-17.10043
V/acc_v: 9.641358;26.28241;-21.10945
V/acc_v: 9.641358;26.28241;-21.10945
V/acc_v: 9.641358;26.28241;-21.10945
V/acc_v: 9.641358;26.28241;-21.10945
V/acc_v: 9.641358;26.28241;-21.10945
V/acc_v: 9.641358;26.28241;-21.10945
V/acc_v: 9.641358;26.28241;-21.10945
V/acc_v: 9.641358;26.28241;-21.10945
V/acc_v: 9.633296;25.893383;-20.541407
V/acc_v: 9.633296;25.893383;-20.541407
V/acc_v: 9.633296;25.893383;-20.541407
V/acc_v: 9.633296;25.893383;-20.541407
V/acc_v: 9.633296;25.893383;-20.541407
V/acc_v: 9.633296;25.893383;-20.541407
V/acc_v: 9.630694;26.391468;-19.41911
V/acc_v: 9.630694;26.391468;-19.41911
V/acc_v: 9.630694;26.391468;-19.41911
V/acc_v: 9.630694;26.391468;-19.41911
V/acc_v: 9.612489;27.363548;-18.49524
V/acc_v: 9.624308;27.388058;-18.21404
V/acc_v: 9.662555;27.413422;-18.764862
V/acc_v: 9.70638;27.094328;-19.278204
V/acc_v: 9.6796055;27.629658;-19.942648
V/acc_v: 9.658905;28.278461;-20.756886
V/acc_v: 9.663664;28.30278;-20.585798
V/acc_v: 9.711961;28.444021;-20.96709
V/acc_v: 9.755682;29.060429;-23.061808
V/acc_v: 9.909445;29.2977;-24.605915
V/acc_v: 9.996006;29.455786;-24.454165
V/acc_v: 9.957902;29.308212;-22.860723
V/acc_v: 9.923916;29.014992;-20.905693
V/acc_v: 9.872614;28.522005;-20.052374
V/acc_v: 9.86085;28.755554;-20.896173
V/acc_v: 9.796414;28.783472;-22.023056
V/acc_v: 9.8604555;28.5583;-23.17001
V/acc_v: 9.785382;28.717813;-22.955444
V/acc_v: 9.784462;28.591433;-22.407446
V/acc_v: 9.852862;28.950994;-22.677547
V/acc_v: 9.907809;29.391685;-23.877148
V/acc_v: 9.615514;27.984432;-19.906849
V/acc_v: 9.588924;27.54817;-20.418207
V/acc_v: 9.578598;27.990364;-21.748056
V/acc_v: 9.627793;28.578897;-23.144218
V/acc_v: 9.640313;28.374935;-23.34033
V/acc_v: 9.60283;28.090399;-22.776537
V/acc_v: 9.545714;27.9131;-21.676556
V/acc_v: 9.454122;27.868563;-21.309097
V/acc_v: 9.391273;27.573044;-21.198381
V/acc_v: 9.474465;27.332973;-21.503246
V/acc_v: 9.562745;27.447498;-21.387386
V/acc_v: 9.653056;27.824095;-20.689524
V/acc_v: 9.722387;28.048103;-19.891476
V/acc_v: 9.712508;28.60573;-19.90992
V/acc_v: 9.785593;29.12073;-21.29137
V/acc_v: 9.869015;28.959806;-22.641464
V/acc_v: 9.839372;28.962078;-23.235537
V/acc_v: 9.71606;29.13947;-23.173607
V/acc_v: 9.663018;29.183542;-22.4774
V/acc_v: 9.608818;28.403076;-21.587887
V/acc_v: 9.578872;27.73749;-20.373016
V/acc_v: 9.614391;28.042456;-20.481436
V/acc_v: 9.776255;28.509003;-20.773268
V/acc_v: 9.852302;28.926426;-20.783365
V/acc_v: 9.427912;29.748857;-28.080153
V/acc_v: 9.495872;29.630266;-28.226377
V/acc_v: 9.442283;29.860565;-28.760942
V/acc_v: 9.40766;30.025839;-29.121202
W/art: Suspending all threads took: 6.194ms
V/acc_v: 9.34194;29.821447;-28.681253
V/acc_v: 9.268788;29.825953;-28.417439
V/acc_v: 9.336031;29.684547;-28.31411
V/acc_v: 9.367028;30.382008;-28.42121
V/acc_v: 9.434963;30.716106;-28.573835
V/acc_v: 9.4502535;30.705744;-28.453722
V/acc_v: 9.3495655;30.869051;-29.02246
V/acc_v: 9.299313;30.80036;-29.773705
V/acc_v: 9.361813;30.918827;-30.239819
V/acc_v: 9.424993;30.480495;-31.01405
V/acc_v: 9.382062;31.420105;-32.48632
V/acc_v: 9.378928;31.880642;-33.781345
V/acc_v: 9.379877;32.131;-34.611904
V/acc_v: 9.312863;31.876087;-33.84631
V/acc_v: 9.224275;32.44491;-34.20237
V/acc_v: 9.187914;32.423054;-35.60015
V/acc_v: 9.310449;33.134384;-37.8837
V/acc_v: 9.486566;34.60949;-41.24413
V/acc_v: 9.556407;34.58397;-43.935314
V/acc_v: 9.646138;34.70222;-45.82579
V/acc_v: 9.734234;34.829823;-46.699608
V/acc_v: 9.809511;34.92752;-47.470566
V/acc_v: 9.865592;35.330547;-48.66973
V/acc_v: 9.921485;35.12031;-49.388813
V/acc_v: 9.881817;34.99202;-50.01913
V/acc_v: 9.844487;35.03065;-50.549694
V/acc_v: 9.87761;35.043606;-50.828087
V/acc_v: 10.193977;35.316605;-52.966335
V/acc_v: 10.49996;35.186634;-55.14637
V/acc_v: 10.430157;34.14281;-55.121166
W/art: Suspending all threads took: 13.982ms
V/acc_v: 10.130914;33.564068;-54.134884
V/acc_v: 9.914669;33.725124;-54.110184
V/acc_v: 10.141046;34.74023;-57.88465
V/acc_v: 10.850566;35.249107;-62.37646
V/acc_v: 11.447554;35.10128;-65.599396
V/acc_v: 12.4606905;37.494377;-70.06159
V/acc_v: 13.888165;42.506775;-75.52654
V/acc_v: 14.82208;54.47937;-81.38605
V/acc_v: 14.687389;69.66149;-85.710846
V/acc_v: 10.86856;129.56955;-103.05931
V/acc_v: 5.9044003;146.98463;-152.47612
V/acc_v: 8.299873;132.7795;137.90576
V/acc_v: 15.806617;109.22713;98.89765
V/acc_v: 22.678637;72.08591;84.602646
V/acc_v: 21.74685;19.254948;52.751213
V/acc_v: 18.990543;14.356085;44.636784
V/acc_v: 14.884169;20.802973;37.551
V/acc_v: 12.215903;30.125933;30.451548
V/acc_v: 11.159458;33.313175;26.654255
V/acc_v: 10.85215;29.304445;28.518274
V/acc_v: 10.875994;24.819881;32.48157
V/acc_v: 10.753379;23.507082;35.62571
V/acc_v: 10.68025;23.371962;37.591755
V/acc_v: 10.9124975;22.70052;37.64283
V/acc_v: 11.277983;22.615278;37.556103
V/acc_v: 11.572955;23.087337;38.109505
V/acc_v: 11.812529;23.537436;38.341843
V/acc_v: 11.715757;25.048145;38.196438
V/acc_v: 11.32506;26.69366;35.65625
V/acc_v: 10.917827;27.422632;31.618296
V/acc_v: 10.647927;27.445082;28.199097
V/acc_v: 10.60903;26.969692;26.46344
V/acc_v: 10.563462;26.765738;24.623566
V/acc_v: 10.293131;27.451323;22.064936
V/acc_v: 10.084205;27.975554;18.935337
V/acc_v: 9.875377;28.456629;17.139511
V/acc_v: 9.480626;28.92506;14.354505
V/acc_v: 8.755312;30.372541;9.266043
V/acc_v: 8.239137;31.45482;1.9897207
V/acc_v: 8.0424795;31.972567;-8.968462
V/acc_v: 8.12395;33.46438;-20.6443
V/acc_v: 8.405786;34.10219;-26.88885
V/acc_v: 8.558663;34.57929;-29.058237
V/acc_v: 8.760154;35.704033;-31.285036
V/acc_v: 8.831125;35.631718;-33.218136
V/acc_v: 8.996892;35.38407;-36.841854
V/acc_v: 9.3352995;34.053066;-39.006954
V/acc_v: 9.354968;33.941273;-41.210648
V/acc_v: 9.431701;35.160194;-44.56299
V/acc_v: 9.511105;35.89913;-46.52601
V/acc_v: 9.5210085;36.274616;-47.996094
V/acc_v: 9.674262;38.361946;-54.806362
V/acc_v: 10.735509;42.023163;-65.20579
V/acc_v: 12.525976;41.647266;-72.07462
V/acc_v: 15.952108;42.88231;-78.6558
V/acc_v: 20.813845;39.93364;-82.40974
V/acc_v: 24.59044;31.787254;-84.43946
V/acc_v: 25.140272;27.189505;-86.8123
V/acc_v: 22.294123;164.6267;-95.55756
V/acc_v: 17.437353;175.6859;-127.723114
V/acc_v: 14.743749;168.13876;-150.31374
V/acc_v: 11.690244;152.49715;173.88731
V/acc_v: 24.008743;146.14552;115.671455
V/acc_v: 36.450935;141.14131;105.55954
V/acc_v: 33.184174;105.73968;93.9771
V/acc_v: 25.683653;32.978188;67.60431
V/acc_v: 17.383793;13.40559;33.890743
V/acc_v: 13.213711;6.454844;11.731669
V/acc_v: 9.6307335;22.252674;11.021109
V/acc_v: 10.173057;42.031147;31.197235
V/acc_v: 11.394063;41.07945;44.056202
V/acc_v: 11.735098;30.205988;44.08664
V/acc_v: 11.492587;24.575254;42.614056
V/acc_v: 11.136751;25.499727;41.11209
V/acc_v: 10.556341;26.822302;38.768818
V/acc_v: 9.790951;27.280846;34.03639
V/acc_v: 9.853708;28.974846;35.637
V/acc_v: 10.059607;29.793474;37.223385
V/acc_v: 10.046844;28.72969;36.338844
V/acc_v: 9.855718;27.862093;33.462368
V/acc_v: 9.7487135;27.127604;32.236084
V/acc_v: 9.839806;27.4469;33.521626
V/acc_v: 10.053057;27.755552;34.95065
V/acc_v: 10.243448;27.322472;36.272545
V/acc_v: 10.338368;26.991564;36.560413
V/acc_v: 10.254737;26.59369;36.385574
V/acc_v: 10.297995;26.722496;36.74931
V/acc_v: 10.42105;27.0022;36.54578
V/acc_v: 10.615011;27.08541;35.560444
V/acc_v: 10.72976;26.83123;33.774643
V/acc_v: 10.663366;27.008589;31.01188
V/acc_v: 10.453799;27.133854;27.492836
V/acc_v: 10.285131;26.410686;24.33982
V/acc_v: 10.11638;26.462532;20.968842
V/acc_v: 10.118951;26.161566;17.753788
V/acc_v: 10.083574;25.949125;16.21338
V/acc_v: 9.977185;25.654266;15.10899
V/acc_v: 9.812703;26.30984;12.982992
V/acc_v: 9.7249975;26.667274;10.403293
V/acc_v: 9.758495;26.780258;7.7835593
V/acc_v: 9.913212;26.005175;6.8391113
V/acc_v: 9.986143;25.43136;5.263191
V/acc_v: 10.008043;24.821165;4.137209
V/acc_v: 9.829568;25.141691;2.4346833
V/acc_v: 9.577446;26.629066;0.12810661
V/acc_v: 9.149288;28.750029;-7.184267
W/art: Suspending all threads took: 9.737ms
V/acc_v: 9.085421;28.4564;-11.283121
V/acc_v: 9.1350765;27.64467;-15.829974
V/acc_v: 9.211085;27.16389;-19.041784
V/acc_v: 9.2155;28.161682;-22.029629
V/acc_v: 9.237472;29.326557;-23.877783
V/acc_v: 9.271231;29.630266;-24.763515
V/acc_v: 9.364603;29.137932;-25.759153
V/acc_v: 9.383694;28.188614;-26.159012
V/acc_v: 9.359897;27.275;-25.177034
V/acc_v: 9.17186;27.612154;-23.673035
V/acc_v: 9.023309;28.556395;-22.0858
V/acc_v: 9.03778;29.433212;-22.29078
V/acc_v: 9.215481;29.286621;-23.646616
V/acc_v: 9.3692255;28.734415;-25.381905
V/acc_v: 9.467129;28.475138;-25.468891
V/acc_v: 9.5338955;28.726654;-24.523746
V/acc_v: 9.642723;29.288126;-23.618395
V/acc_v: 9.812441;29.9558;-23.339733
V/acc_v: 9.891966;29.583403;-23.235537
V/acc_v: 9.888152;29.52074;-23.362738
V/acc_v: 9.833923;29.432093;-22.653719
V/acc_v: 9.8546295;28.988823;-21.603798
V/acc_v: 9.882946;29.23048;-20.644018
V/acc_v: 9.876706;29.442987;-18.942507
V/acc_v: 9.867222;29.78068;-17.914639
V/acc_v: 9.895109;29.694893;-17.946447
V/acc_v: 9.923039;30.038353;-19.151855
V/acc_v: 9.968282;30.310448;-20.181473
V/acc_v: 9.878973;30.193455;-20.474648
V/acc_v: 9.67293;29.796276;-19.077091
V/acc_v: 9.656676;29.652647;-19.749168
V/acc_v: 9.753586;29.807241;-20.634445
V/acc_v: 9.764129;30.128124;-21.765865
V/acc_v: 9.772644;29.97371;-22.17944
V/acc_v: 9.722639;29.659472;-22.298643
V/acc_v: 9.636237;29.162725;-21.467987
V/acc_v: 9.547728;29.14858;-20.658415
V/acc_v: 9.518951;29.32807;-20.350275
V/acc_v: 9.59744;29.048773;-20.19781
V/acc_v: 9.692653;29.778141;-20.860168
V/acc_v: 9.730406;30.087523;-21.06971
V/acc_v: 9.738411;30.017225;-21.005356
V/acc_v: 9.730649;30.418875;-21.067501
V/acc_v: 9.674801;29.92213;-20.360046
V/acc_v: 9.664033;29.649069;-19.666817
V/acc_v: 9.691152;29.689592;-20.281904
V/acc_v: 9.75077;30.184202;-20.24859
V/acc_v: 9.720126;30.13726;-19.939177
V/acc_v: 9.693391;30.079382;-19.851006
V/acc_v: 9.686177;30.143044;-20.310822
V/acc_v: 9.635202;29.915062;-19.90847
V/acc_v: 9.627472;29.752243;-18.660278
V/acc_v: 9.544965;29.38542;-18.156765
V/acc_v: 9.59141;29.78563;-19.205698
V/acc_v: 9.698654;29.917515;-19.777096
V/acc_v: 9.766452;30.011017;-19.688223
V/acc_v: 9.781486;30.336472;-19.12376
V/acc_v: 9.82933;30.425783;-18.586391
V/acc_v: 9.885296;30.4246;-18.284304
V/acc_v: 9.933632;29.397787;-14.204065
V/acc_v: 9.888847;30.040182;-13.743134
V/acc_v: 10.000557;30.534058;-15.130592
V/acc_v: 10.056786;31.360094;-17.037767
V/acc_v: 10.067757;31.696474;-18.305162
V/acc_v: 9.9901;31.87189;-19.19992
V/acc_v: 9.919391;31.888605;-20.428713
V/acc_v: 9.937148;31.93716;-22.546389
V/acc_v: 9.954039;31.899136;-24.184414
V/acc_v: 9.924156;31.954865;-25.401989
V/acc_v: 9.723839;32.412716;-26.01331
V/acc_v: 9.681011;33.259476;-28.247585
V/acc_v: 9.708306;33.73371;-30.589426
V/acc_v: 9.843295;33.690067;-32.973022
V/acc_v: 9.897338;33.85913;-35.118877
V/acc_v: 9.913974;34.99473;-38.817253
V/acc_v: 10.14316;35.704094;-43.404068
V/acc_v: 10.441091;34.039665;-46.780327
V/acc_v: 10.423109;31.086603;-47.17169
V/acc_v: 10.057387;29.392967;-44.542973
V/acc_v: 9.547771;28.922297;-40.479652
V/acc_v: 9.144679;30.544016;-37.63115
V/acc_v: 9.365246;31.462294;-40.751804
V/acc_v: 9.790581;30.226309;-46.791245
V/acc_v: 10.531083;28.203663;-52.708496
V/acc_v: 11.531493;27.542896;-59.41596
V/acc_v: 13.061283;26.909714;-65.019424
V/acc_v: 14.792031;27.5721;-70.5297
V/acc_v: 15.502998;39.907883;-79.100945
V/acc_v: 13.988752;99.001755;-91.59225
V/acc_v: 5.7898755;156.01117;153.91393
V/acc_v: 16.702549;132.51692;109.67382
V/acc_v: 25.920036;99.25573;93.19968
V/acc_v: 22.497953;66.606094;79.6503
V/acc_v: 21.368393;30.222626;68.785484
V/acc_v: 22.299536;13.406708;59.29329
V/acc_v: 16.432522;22.095552;48.13101
V/acc_v: 11.272594;31.655031;28.877401
V/acc_v: 10.191777;34.13713;21.364182
V/acc_v: 10.883137;32.181995;34.799183
V/acc_v: 11.285011;30.629309;41.33101
V/acc_v: 10.990963;29.535149;41.083847
V/acc_v: 10.8122225;28.564268;41.590336
V/acc_v: 10.788234;27.410791;42.149136
V/acc_v: 10.905675;27.539228;41.678356
V/acc_v: 11.096394;28.262518;41.589302
V/acc_v: 11.217036;29.396816;42.264782
V/acc_v: 11.229561;30.084154;42.313
V/acc_v: 11.040185;31.000582;40.221916
V/acc_v: 10.875889;30.431963;37.12046
V/acc_v: 10.715005;28.914673;34.998924
V/acc_v: 10.671317;27.549372;33.324684
V/acc_v: 10.799806;26.785618;31.774021
V/acc_v: 10.899788;26.819132;30.446068
V/acc_v: 10.856702;27.01708;28.595001
V/acc_v: 10.638872;27.992727;26.934942
V/acc_v: 10.434091;28.929716;26.000772
V/acc_v: 9.975345;30.126528;24.716545
V/acc_v: 9.528877;30.68172;21.94779
V/acc_v: 9.016613;31.89198;17.383562
V/acc_v: 8.611632;32.51581;11.641204
V/acc_v: 8.168182;33.128544;-6.936495
V/acc_v: 8.266606;33.330967;-15.702732
V/acc_v: 8.311276;32.063213;-17.133825
V/acc_v: 8.340539;31.518618;-22.096312
V/acc_v: 8.568767;32.27087;-30.60773
V/acc_v: 8.677276;32.02467;-33.95665
V/acc_v: 8.86009;32.173275;-39.44434
V/acc_v: 9.234293;32.320282;-44.47014
V/acc_v: 9.436517;32.133442;-46.54453
V/acc_v: 9.710528;32.304928;-47.971764
V/acc_v: 9.897923;32.753876;-49.37916
V/acc_v: 9.946173;31.860605;-49.711304
V/acc_v: 9.817604;32.096104;-51.43854
V/acc_v: 10.485678;32.122486;-56.524837
V/acc_v: 11.239963;30.110687;-60.05982
V/acc_v: 12.975892;31.533846;-67.77562
V/acc_v: 15.981265;31.665964;-73.59768
V/acc_v: 18.459824;32.213863;-77.33132
V/acc_v: 18.590574;29.55708;-78.18629
V/acc_v: 17.178194;38.06483;-81.59952
V/acc_v: 14.086726;98.85089;-91.25818
W/art: Suspending all threads took: 6.769ms
V/acc_v: 9.634284;143.59814;-110.07842
V/acc_v: 6.9189324;141.25194;-149.97978
V/acc_v: 11.715064;138.38116;134.26
V/acc_v: 23.925283;119.44504;102.37988
V/acc_v: 30.26656;101.32254;93.30114
V/acc_v: 25.404648;50.939793;76.42429
V/acc_v: 18.13513;22.57894;51.430447
V/acc_v: 14.135352;9.049945;29.39509
V/acc_v: 11.988394;13.390147;26.261736
V/acc_v: 10.912988;40.75131;38.825226
V/acc_v: 11.114236;37.113495;44.226048
V/acc_v: 11.474112;30.50393;45.0
V/acc_v: 11.45758;27.19235;43.17453
V/acc_v: 10.844761;27.688911;40.763603
V/acc_v: 10.336455;29.114704;39.18776
V/acc_v: 10.218058;29.96957;39.40309
V/acc_v: 10.31228;29.939228;39.414314
V/acc_v: 10.309984;30.1387;37.92886
V/acc_v: 10.006404;29.816671;35.28447
V/acc_v: 9.810508;29.017023;33.331226
V/acc_v: 9.698995;28.680748;33.26758
V/acc_v: 9.772082;28.017893;35.463024
V/acc_v: 10.060155;27.60939;38.531033
V/acc_v: 10.311934;27.057552;40.415623
V/acc_v: 10.535727;27.30146;41.107117
V/acc_v: 10.853237;27.224253;41.26237
V/acc_v: 10.962072;27.068983;40.19063
V/acc_v: 10.987772;26.976257;38.664
V/acc_v: 10.910533;27.196276;36.33134
V/acc_v: 10.67151;28.072487;32.8232
V/acc_v: 10.371735;29.402538;29.01739
V/acc_v: 10.106463;30.248035;24.642176
V/acc_v: 9.853751;29.762974;19.923725
V/acc_v: 9.676814;28.854103;14.705974
V/acc_v: 9.549661;27.785585;9.589989
V/acc_v: 9.588411;26.706268;5.6055803
V/acc_v: 9.649387;26.348793;2.8861523
V/acc_v: 9.563358;26.962574;0.77204686
V/acc_v: 9.414088;28.545372;-0.3315691
V/acc_v: 9.152141;30.623878;-4.4574046
V/acc_v: 9.175331;30.091873;-7.569592
V/acc_v: 9.128878;29.544956;-10.338682
V/acc_v: 9.116494;28.801388;-12.836031
V/acc_v: 9.118151;28.363604;-15.302696
V/acc_v: 9.188998;28.566137;-16.657337
V/acc_v: 9.280576;28.95328;-17.748487
V/acc_v: 9.3591585;29.324488;-18.613375
V/acc_v: 9.387368;29.63105;-19.702858
V/acc_v: 9.326754;29.679646;-20.669132
V/acc_v: 9.206001;29.005598;-21.689419
V/acc_v: 9.105127;29.312454;-22.31184
V/acc_v: 9.108877;29.76867;-22.357908
V/acc_v: 9.16303;30.339214;-23.403759
V/acc_v: 9.290571;30.396168;-25.055258
V/acc_v: 9.363238;30.599096;-25.882637
V/acc_v: 9.349496;30.930958;-26.386421
V/acc_v: 9.520848;30.39692;-27.088154
V/acc_v: 9.738064;29.683409;-27.82022
V/acc_v: 10.052977;29.130833;-28.494114
V/acc_v: 10.139334;29.719055;-27.798048
V/acc_v: 10.09401;30.411634;-26.331696
V/acc_v: 10.026705;31.391968;-24.676863
V/acc_v: 9.9975815;31.655361;-23.364113
V/acc_v: 9.997912;30.953836;-21.317198
V/acc_v: 9.891813;30.721418;-18.455072
V/acc_v: 9.8300705;30.111746;-15.787435
V/acc_v: 9.82134;30.355293;-14.56552
V/acc_v: 9.814014;30.256435;-14.627622
V/acc_v: 9.807147;29.841034;-15.067301
V/acc_v: 9.768508;29.611893;-16.43284
V/acc_v: 9.805184;29.82374;-16.7298
V/acc_v: 9.776984;30.018368;-17.006144
V/acc_v: 9.653546;29.693861;-16.940971
V/acc_v: 9.647678;29.149061;-17.427004
V/acc_v: 9.601585;28.849821;-18.027155
V/acc_v: 9.662712;29.293253;-18.810886
V/acc_v: 9.681606;29.517328;-19.17637
V/acc_v: 9.647298;29.593891;-19.159142
V/acc_v: 9.620215;29.276825;-18.659475
V/acc_v: 9.641214;29.336763;-18.62855
V/acc_v: 9.6290045;29.704317;-19.04881
V/acc_v: 9.61432;29.826052;-18.86589
V/acc_v: 9.561366;29.715155;-19.187035
V/acc_v: 9.552385;29.681574;-19.434612
V/acc_v: 9.620682;29.67821;-19.795225
V/acc_v: 9.665871;29.870497;-20.269419
V/acc_v: 9.626326;29.71528;-19.723427
V/acc_v: 9.654245;29.980648;-19.447208
V/acc_v: 9.741932;30.165224;-19.733673
V/acc_v: 9.792772;30.239552;-19.808493
V/acc_v: 9.715507;30.235205;-19.40252
V/acc_v: 9.661502;29.554214;-18.526655
V/acc_v: 9.681645;29.423513;-18.069105
V/acc_v: 9.700043;29.631771;-18.33336
V/acc_v: 9.720385;30.044436;-19.126205
V/acc_v: 9.757344;30.0432;-19.05275
V/acc_v: 9.684391;29.847614;-19.22926
V/acc_v: 9.660637;29.796276;-18.802486
V/acc_v: 9.638889;29.880915;-18.660278
V/acc_v: 9.693158;30.045683;-19.413225
V/acc_v: 9.672021;29.91435;-19.831633
V/acc_v: 9.656633;29.733856;-18.96564
V/acc_v: 9.590813;29.711617;-18.69188
V/acc_v: 9.520411;29.77091;-18.40386
V/acc_v: 9.528129;29.73746;-18.113937
V/acc_v: 9.588654;29.445427;-18.650307
W/art: Suspending all threads took: 52.548ms
V/acc_v: 9.687787;29.766886;-19.208069
V/acc_v: 9.740224;30.269203;-20.353228
V/acc_v: 9.758127;30.493923;-20.059925
V/acc_v: 9.703439;30.271288;-18.935114
V/acc_v: 9.676425;30.150423;-18.168839
V/acc_v: 9.679245;30.383503;-18.004162
V/acc_v: 9.672417;30.063206;-18.394037
V/acc_v: 9.719367;29.781424;-19.114475
V/acc_v: 9.67884;29.899544;-19.881298
V/acc_v: 9.695342;30.061815;-20.409182
V/acc_v: 9.786959;30.021757;-19.977657
V/acc_v: 9.738553;30.011017;-19.084166
V/acc_v: 9.624194;29.656607;-18.383747
V/acc_v: 9.634305;29.513926;-17.841974
V/acc_v: 9.654301;29.55844;-17.679487
V/acc_v: 9.700137;29.602709;-18.130186
V/acc_v: 9.723825;30.247976;-18.791452
V/acc_v: 9.753983;29.879787;-19.425846
V/acc_v: 9.703733;29.832897;-19.552277
V/acc_v: 9.722877;30.08204;-19.856892
V/acc_v: 9.671501;30.032076;-19.72113
V/acc_v: 9.613733;29.505152;-18.711243
V/acc_v: 9.645114;29.638384;-18.506453
V/acc_v: 9.698236;29.94624;-19.086472
V/acc_v: 9.704578;29.88741;-18.831629
V/acc_v: 9.754591;29.96697;-19.143517
V/acc_v: 9.813194;30.397383;-19.565771
V/acc_v: 9.869487;30.734135;-19.974949
V/acc_v: 9.813911;30.277462;-19.443573
V/acc_v: 9.686044;30.301027;-18.741888
V/acc_v: 9.66855;30.269203;-18.8038
V/acc_v: 9.6967745;30.313965;-19.72113
V/acc_v: 9.689963;30.489658;-20.46905
V/acc_v: 9.693679;30.194426;-20.371258
V/acc_v: 9.603664;29.882057;-19.666925
V/acc_v: 9.531133;29.499697;-18.403973
V/acc_v: 9.548314;29.193657;-17.817783
V/acc_v: 9.595116;29.836672;-17.301548
V/acc_v: 9.679857;30.214212;-17.276686
V/acc_v: 9.719255;29.838888;-16.68383
V/acc_v: 9.73653;29.70887;-16.10862
V/acc_v: 9.768568;29.676872;-15.36467
V/acc_v: 9.776932;29.759163;-14.906651
V/acc_v: 9.821823;30.099869;-14.626261
V/acc_v: 9.904295;30.082802;-14.598175
V/acc_v: 9.955189;30.401005;-15.180164
V/acc_v: 10.083771;30.300797;-15.988237
V/acc_v: 10.074197;30.563835;-16.555452
V/acc_v: 10.030824;30.611185;-16.057697
V/acc_v: 9.974645;30.833132;-15.02135
V/acc_v: 10.011197;30.747835;-13.637243
V/acc_v: 10.021116;31.054525;-12.573559
V/acc_v: 10.0653515;31.594816;-11.752723
V/acc_v: 9.9237585;33.06408;-13.830116
V/acc_v: 10.07544;34.815247;-22.672098
V/acc_v: 10.183191;35.328026;-26.607819
V/acc_v: 10.0898485;35.046074;-29.697515
V/acc_v: 9.812721;33.655666;-30.02892
V/acc_v: 9.541004;32.458946;-29.8548
V/acc_v: 9.32321;32.169456;-27.979475
V/acc_v: 9.0362425;32.299133;-26.783201
V/acc_v: 8.855551;32.720818;-29.37515
V/acc_v: 8.746913;33.367847;-34.97451
V/acc_v: 8.850586;32.819313;-39.809998
V/acc_v: 9.2228155;32.636055;-44.12073
V/acc_v: 9.6337;33.634148;-50.32113
V/acc_v: 9.718228;33.558243;-54.304058
V/acc_v: 9.93401;33.637516;-59.16628
V/acc_v: 10.1135235;33.574055;-63.194477
V/acc_v: 11.214039;30.618605;-68.67697
V/acc_v: 12.910874;23.644037;-72.14104
V/acc_v: 14.435716;18.92283;-74.395226
V/acc_v: 15.828893;16.275806;-75.13796
V/acc_v: 16.436497;15.231437;-76.1746
V/acc_v: 16.110092;12.989133;-76.88147
V/acc_v: 15.068229;12.47511;-79.654434
V/acc_v: 13.000172;119.981636;-90.94957
V/acc_v: 10.978046;143.34727;-96.37894
V/acc_v: 9.386149;155.78868;-112.01596
V/acc_v: 6.4464545;146.43196;-135.4658
V/acc_v: 6.163172;127.94156;172.1344
V/acc_v: 14.530978;134.90561;125.195595
V/acc_v: 26.803398;118.756096;102.76565
V/acc_v: 30.799166;94.15704;91.35791
V/acc_v: 18.147648;15.350136;46.82658
V/acc_v: 15.18279;10.736993;37.005062
V/acc_v: 12.516621;27.397648;32.45652
V/acc_v: 11.50181;38.247646;31.161024
V/acc_v: 11.005724;35.530853;37.465576
V/acc_v: 11.495777;28.972383;41.67641
V/acc_v: 11.776781;26.376886;42.33374
V/acc_v: 11.4315605;27.055796;41.364746
V/acc_v: 10.96545;28.090897;40.472496
V/acc_v: 10.571418;29.6927;40.659534
V/acc_v: 10.239691;31.159956;39.28317
V/acc_v: 10.053433;31.868206;36.91863
V/acc_v: 10.048628;31.007254;34.610435
V/acc_v: 10.245285;29.206963;32.976776
V/acc_v: 10.602101;27.881964;31.62051
V/acc_v: 10.970198;26.793522;31.075846
V/acc_v: 11.112315;25.99236;30.16006
V/acc_v: 11.109998;25.701672;28.960968
V/acc_v: 10.8298645;26.652699;27.84111
V/acc_v: 10.539019;27.8943;27.208075
V/acc_v: 10.063832;30.025724;25.120926
V/acc_v: 9.668493;30.984343;21.958138
V/acc_v: 9.3245;31.27868;18.64954
V/acc_v: 8.923425;31.802643;13.435718
V/acc_v: 8.580256;32.656055;7.214262
V/acc_v: 8.3158;33.305904;-1.2625124
V/acc_v: 8.052232;34.64714;-11.261527
V/acc_v: 7.924459;36.439934;-22.3072
V/acc_v: 8.111913;37.029854;-33.035603
V/acc_v: 8.757748;35.419106;-39.641033
V/acc_v: 9.914566;32.115498;-46.555065
V/acc_v: 10.200608;32.116177;-48.685425
V/acc_v: 10.32502;31.550823;-49.65288
V/acc_v: 10.424723;31.230186;-50.490417
V/acc_v: 10.395537;32.369423;-52.241646
V/acc_v: 10.225894;32.615204;-52.669903
V/acc_v: 10.066024;32.947937;-53.47462
V/acc_v: 10.060191;33.123737;-55.050888
V/acc_v: 10.861302;34.32934;-59.51278
V/acc_v: 11.780382;32.40699;-62.284412
V/acc_v: 12.661733;31.491447;-65.90152
V/acc_v: 13.899197;31.73406;-69.16262
V/acc_v: 14.828429;29.248825;-71.35714
V/acc_v: 15.85449;23.225811;-71.97883
V/acc_v: 16.913927;19.005392;-74.15078
V/acc_v: 16.488203;22.471415;-79.4162
V/acc_v: 13.156398;104.85163;-91.741425
V/acc_v: 8.274395;142.49586;-116.549385
V/acc_v: 7.1603637;130.63454;177.53087
V/acc_v: 15.036453;129.1142;121.42443
V/acc_v: 25.601194;121.71099;103.68576
V/acc_v: 28.01341;97.45162;92.09402
V/acc_v: 22.571571;43.998108;73.66729
V/acc_v: 16.38224;18.955805;46.25303
V/acc_v: 13.070856;10.917405;30.00077
V/acc_v: 10.724393;22.588123;23.27047
V/acc_v: 9.897716;37.035355;24.913467
V/acc_v: 10.20214;38.369545;37.947235
V/acc_v: 11.425446;33.4886;45.72901
V/acc_v: 12.135221;29.790537;46.61402
V/acc_v: 11.871716;29.09689;45.89326
V/acc_v: 10.532611;33.011562;41.99366
V/acc_v: 9.848656;32.24247;35.18448
V/acc_v: 9.587618;30.602928;29.772795
V/acc_v: 9.540663;30.540329;29.873014
V/acc_v: 9.593654;30.728664;32.67954
V/acc_v: 9.766538;30.590832;35.50508
V/acc_v: 9.9539;30.672916;38.170883
V/acc_v: 10.160308;30.441807;40.331867
V/acc_v: 10.29138;29.40719;41.438976
V/acc_v: 10.349532;28.894697;41.69541
V/acc_v: 10.411336;28.941721;41.266415
V/acc_v: 10.360429;28.792017;40.28691
V/acc_v: 10.382441;28.422874;38.413406
V/acc_v: 10.375823;27.73818;35.4207
V/acc_v: 10.411775;27.351734;32.74213
V/acc_v: 10.554772;27.290276;31.129349
V/acc_v: 10.592181;27.901794;29.815552
V/acc_v: 10.530666;28.800728;27.989061
V/acc_v: 10.437634;28.785791;25.804821
V/acc_v: 10.332169;28.382956;22.368841
V/acc_v: 10.170468;27.635288;18.748974
V/acc_v: 9.874242;27.968454;14.899249
V/acc_v: 9.674291;27.65933;11.322432
V/acc_v: 9.457707;27.596708;7.6960516
V/acc_v: 9.389837;27.23247;4.139405
V/acc_v: 9.4864435;27.133854;-0.7145362
V/acc_v: 9.556376;27.492836;-5.8906264
V/acc_v: 9.568066;27.766611;-8.171233
V/acc_v: 9.58302;27.832623;-9.4305
V/acc_v: 9.4486685;27.68706;-11.828172
V/acc_v: 9.174472;25.78267;-14.540369
V/acc_v: 9.117039;25.196188;-14.733472
V/acc_v: 9.234344;24.93042;-14.115241
V/acc_v: 9.367362;25.746979;-13.871624
V/acc_v: 9.461972;26.7238;-12.924452
V/acc_v: 9.573678;27.3213;-12.090275
V/acc_v: 9.524402;27.19307;-11.486927
V/acc_v: 9.4671545;26.512522;-10.57606
V/acc_v: 9.470256;25.503654;-9.741093
V/acc_v: 9.498158;24.985147;-9.415311
V/acc_v: 9.54298;24.799467;-8.94307
V/acc_v: 9.556105;25.050123;-8.40728
V/acc_v: 9.613209;25.690765;-7.955842
V/acc_v: 9.608677;26.102272;-7.668013
V/acc_v: 9.646981;26.654755;-8.152544
V/acc_v: 9.650382;26.334126;-8.827924
V/acc_v: 9.618117;25.856142;-9.363617
V/acc_v: 9.577654;25.450893;-9.691068
V/acc_v: 9.561353;25.23978;-10.13801
V/acc_v: 9.639958;25.429863;-10.546363
V/acc_v: 9.683803;25.909462;-10.983868
V/acc_v: 9.75602;26.028997;-11.1021185
V/acc_v: 9.796792;26.069931;-10.6826105
V/acc_v: 9.755078;25.865582;-9.672309
V/acc_v: 9.672766;25.91312;-8.174587
V/acc_v: 9.676638;26.424746;-7.285673
V/acc_v: 9.72519;26.260696;-6.829058
V/acc_v: 9.688148;25.826778;-6.7355204
V/acc_v: 9.672159;25.443747;-6.3159504
V/acc_v: 9.642905;24.80109;-6.3021812
V/acc_v: 9.494944;24.098053;-6.3018017
V/acc_v: 9.530153;23.936035;-6.9339275
V/acc_v: 9.414495;25.077354;-9.182781
V/acc_v: 9.573226;25.811716;-10.557312
V/acc_v: 9.782427;26.973299;-11.9854145
V/acc_v: 10.036918;27.675392;-13.121077
V/acc_v: 10.34866;27.822086;-15.557524
V/acc_v: 10.53012;28.02029;-16.270731
V/acc_v: 10.520699;27.793663;-16.402725
V/acc_v: 10.469749;27.638016;-15.381203
V/acc_v: 10.326018;27.31906;-13.949793
V/acc_v: 10.077712;26.775606;-12.012111
V/acc_v: 9.86687;26.150055;-9.771916
V/acc_v: 9.748435;25.917454;-8.708203
V/acc_v: 9.660885;25.414175;-7.6775665
V/acc_v: 9.61422;25.511515;-7.6259155
V/acc_v: 9.528692;25.27991;-8.287323
V/acc_v: 9.527443;24.992313;-8.779889
V/acc_v: 9.570739;24.943295;-9.913053
V/acc_v: 9.575901;25.123869;-10.431763
V/acc_v: 9.573326;25.174839;-10.598335
V/acc_v: 9.548189;24.860477;-10.121342
V/acc_v: 9.477824;24.826178;-9.038768
V/acc_v: 9.40785;24.514482;-8.053219
V/acc_v: 9.371586;24.234455;-6.8745923
V/acc_v: 9.318506;24.103657;-6.453987
V/acc_v: 9.350766;24.441513;-6.610218
V/acc_v: 9.387389;24.577873;-7.5586147
V/acc_v: 9.428132;24.87149;-8.54184
V/acc_v: 9.62862;25.44352;-9.8294325
V/acc_v: 9.718064;25.963846;-10.475527
V/acc_v: 9.716305;25.796885;-10.715612
V/acc_v: 9.661114;25.689787;-10.577227
V/acc_v: 9.614457;25.40119;-10.476576
V/acc_v: 9.598415;25.478268;-10.022603
V/acc_v: 9.668136;25.717617;-9.906146
V/acc_v: 9.75848;25.992113;-10.276972
V/acc_v: 9.753949;26.157982;-9.76012
V/acc_v: 9.74282;25.992113;-9.631729
V/acc_v: 9.669962;25.80935;-8.96119
V/acc_v: 9.738425;25.776394;-9.021278
V/acc_v: 9.71846;25.812712;-9.200183
V/acc_v: 9.765386;25.702383;-9.053439
V/acc_v: 9.7475;25.750774;-9.513534
V/acc_v: 9.818599;25.896357;-9.049911
V/acc_v: 9.93153;26.278011;-9.315903
V/acc_v: 9.979406;26.565052;-9.633549
W/art: Suspending all threads took: 83.303ms
V/acc_v: 9.951244;26.465319;-9.714613
V/acc_v: 9.861557;25.910845;-9.6954565
V/acc_v: 9.720438;25.35296;-9.477678
V/acc_v: 9.681497;25.38703;-9.297797
V/acc_v: 9.665494;25.538586;-9.482945
V/acc_v: 9.677585;25.9102;-10.324509
V/acc_v: 9.722606;25.810194;-10.709806
V/acc_v: 9.743923;25.74714;-11.090128
V/acc_v: 9.707132;25.528542;-10.134547
V/acc_v: 9.631793;25.317451;-8.992229
V/acc_v: 9.54843;25.009893;-8.443191
V/acc_v: 9.554613;24.868183;-8.49174
V/acc_v: 9.617511;24.978565;-9.519061
V/acc_v: 9.674759;24.855429;-10.491477
V/acc_v: 9.7459755;25.058289;-10.775608
V/acc_v: 9.689025;25.217918;-10.380166
V/acc_v: 9.734784;25.31775;-9.053439
V/acc_v: 9.565883;24.680408;-7.328192
V/acc_v: 9.8525305;25.319412;-9.285593
V/acc_v: 9.873932;26.09955;-10.22764
V/acc_v: 9.748009;26.42521;-9.251146
V/acc_v: 9.630494;26.989553;-9.1532135
V/acc_v: 9.637183;27.156239;-9.063822
V/acc_v: 9.658895;27.489717;-9.745546
V/acc_v: 9.748604;28.146278;-10.64308
V/acc_v: 9.814818;28.96102;-11.004407
V/acc_v: 9.842649;28.964134;-10.557312
V/acc_v: 9.7846985;28.870337;-9.388899
V/acc_v: 9.753425;28.200903;-8.431632
V/acc_v: 9.81773;27.964693;-8.866054
V/acc_v: 9.923619;27.514067;-9.298883
V/acc_v: 9.890841;26.690561;-10.011563
V/acc_v: 9.852277;26.275171;-10.077889
V/acc_v: 9.875228;25.147377;-9.004448
V/acc_v: 9.713234;21.495018;-7.628686
V/acc_v: 9.413248;15.663689;-6.3936205
W/art: Suspending all threads took: 83.783ms
V/acc_v: 9.389574;18.276596;-7.921534
V/acc_v: 9.681679;24.151861;-10.113787
V/acc_v: 9.811943;27.904615;-9.5970745
V/acc_v: 9.838491;27.682692;-7.8769174
V/acc_v: 9.71698;25.559965;-8.050623
V/acc_v: 9.687524;24.087145;-8.261414
V/acc_v: 9.6509;23.819832;-8.463315
V/acc_v: 9.637667;24.586575;-8.651199
V/acc_v: 9.632772;24.650764;-8.439568
V/acc_v: 10.05477;23.735338;-9.946005
V/acc_v: 10.069463;15.349097;-7.926573
V/acc_v: 9.682625;8.053617;-5.872791
V/acc_v: 10.563403;-5.35258;-5.404493
V/acc_v: 8.492574;1.3639275;-6.1155033
V/acc_v: 9.219119;29.703804;-10.252984
V/acc_v: 11.372439;45.46469;-11.13631
V/acc_v: 11.753043;48.14204;-10.242855
V/acc_v: 10.3715105;39.46884;-7.256273
V/acc_v: 9.725415;24.566431;-8.60267
V/acc_v: 9.575571;12.393223;-10.160723
V/acc_v: 9.588556;10.487233;-11.173135
V/acc_v: 9.578643;17.493338;-11.826944
V/acc_v: 9.7743225;26.896606;-11.54339
V/acc_v: 10.040416;32.339657;-10.805359
V/acc_v: 9.972596;31.734762;-9.123361
V/acc_v: 9.737614;27.339443;-8.156943
V/acc_v: 9.56575;22.557655;-7.617176
V/acc_v: 9.5702915;20.968992;-8.364102
V/acc_v: 9.579519;22.757862;-9.115974
V/acc_v: 9.72017;25.50744;-8.923988
V/acc_v: 9.829237;26.65318;-8.627778
V/acc_v: 9.831361;26.137669;-7.932759
V/acc_v: 9.73113;24.915794;-7.248158
V/acc_v: 9.672718;23.884264;-7.1711016
V/acc_v: 9.570336;23.766382;-6.927218
V/acc_v: 9.577304;24.34859;-6.984872
V/acc_v: 9.574483;24.55369;-7.156217
V/acc_v: 9.55051;24.312208;-7.983316
V/acc_v: 9.565494;24.103626;-8.936782
V/acc_v: 9.6366625;24.2107;-9.160364
V/acc_v: 9.821481;25.18759;-9.770905
