I/art: CollectorTransition marksweep + semispace GC freed 1482(40KB) AllocSpace objects, 0(0B) LOS objects, 25% free, 5MB/6MB, paused 235.515ms total 235.515ms
V/acc_v: 10.205237;29.938845;-18.095924
V/acc_v: 9.59319;28.158035;-17.602869
V/acc_v: 9.59319;28.158035;-17.602869
V/acc_v: 9.59319;28.158035;-17.602869
V/acc_v: 9.59319;28.158035;-17.602869
V/acc_v: 9.59319;28.158035;-17.602869
V/acc_v: 9.59319;28.158035;-17.602869
V/acc_v: 9.59319;28.158035;-17.602869
V/acc_v: 9.787735;28.204227;-17.579256
V/acc_v: 9.787735;28.204227;-17.579256
V/acc_v: 9.787735;28.204227;-17.579256
V/acc_v: 9.787735;28.204227;-17.579256
V/acc_v: 9.787735;28.204227;-17.579256
V/acc_v: 9.787735;28.204227;-17.579256
V/acc_v: 9.94216;29.409468;-18.810589
V/acc_v: 9.94216;29.409468;-18.810589
V/acc_v: 9.94216;29.409468;-18.810589
V/acc_v: 9.94216;29.409468;-18.810589
V/acc_v: 10.166344;30.862366;-19.218433
V/acc_v: 10.166344;30.862366;-19.218433
V/acc_v: 10.299198;31.458492;-18.92132
V/acc_v: 10.338508;31.37873;-17.765703
V/acc_v: 10.364151;30.714462;-17.636955
V/acc_v: 10.301738;30.674458;-18.14509
V/acc_v: 10.229397;31.285072;-19.177738
W/art: Suspending all threads took: 358.594ms
V/acc_v: 10.117317;31.692919;-19.792978
V/acc_v: 9.977079;31.022814;-19.324347
V/acc_v: 9.816577;30.543867;-19.092329
V/acc_v: 9.703781;29.79978;-19.115679
V/acc_v: 9.661815;29.752243;-19.42394
V/acc_v: 9.60152;29.874887;-20.00529
V/acc_v: 9.697902;29.47589;-20.327583
V/acc_v: 9.668085;29.882057;-21.00054
V/acc_v: 9.708873;31.009226;-19.092312
V/acc_v: 9.850075;31.277935;-19.459608
V/acc_v: 9.834106;31.903437;-19.712519
V/acc_v: 9.838908;32.192112;-17.7979
V/acc_v: 9.802411;31.364002;-16.12795
V/acc_v: 9.762619;30.874773;-15.058853
V/acc_v: 9.759908;30.958805;-15.40598
V/acc_v: 9.802155;31.171349;-16.163147
V/acc_v: 9.769335;31.292067;-16.966675
V/acc_v: 9.71562;30.888689;-17.026236
V/acc_v: 9.647772;30.304981;-16.384026
V/acc_v: 9.505511;30.269297;-16.490274
V/acc_v: 9.484774;29.826393;-16.692926
V/acc_v: 9.514846;29.796705;-17.240377
V/acc_v: 9.547205;29.859495;-17.762129
V/acc_v: 9.701881;29.901445;-17.94595
V/acc_v: 9.70878;29.97773;-17.94595
V/acc_v: 9.712744;29.886234;-17.131144
V/acc_v: 9.69518;29.79564;-16.751764
V/acc_v: 9.720839;29.762974;-16.89943
V/acc_v: 9.752592;29.61481;-17.312042
V/acc_v: 9.761818;29.726845;-17.149778
V/acc_v: 9.674138;30.235352;-16.79251
V/acc_v: 9.557235;30.273478;-16.333866
V/acc_v: 9.589762;30.105019;-17.422249
V/acc_v: 9.6284685;30.42944;-18.744095
V/acc_v: 9.604017;30.902214;-19.957916
V/acc_v: 9.631294;30.809845;-20.590391
V/acc_v: 9.585305;30.576874;-20.678463
V/acc_v: 9.604957;30.486773;-19.910627
V/acc_v: 9.643873;31.009638;-19.592281
V/acc_v: 9.739425;31.205465;-19.101746
V/acc_v: 9.844175;32.599472;-21.470364
V/acc_v: 9.881767;32.615288;-22.292435
V/acc_v: 9.824265;32.383102;-21.73524
V/acc_v: 9.821004;32.561634;-21.915903
V/acc_v: 9.876664;32.990677;-22.054104
V/acc_v: 9.853063;32.86034;-21.608515
V/acc_v: 9.719854;32.205925;-20.31062
V/acc_v: 9.666203;31.735508;-19.348946
V/acc_v: 9.800932;32.01779;-19.902699
V/acc_v: 9.779115;32.52993;-20.892221
V/acc_v: 9.795744;32.53678;-21.462887
V/acc_v: 9.741826;31.876213;-21.777267
V/acc_v: 9.609139;31.925491;-21.887098
V/acc_v: 9.573341;31.488438;-21.978796
V/acc_v: 9.553715;31.924688;-22.668251
V/acc_v: 9.580648;33.088783;-26.268568
V/acc_v: 9.680368;33.143253;-29.292055
V/acc_v: 9.70555;32.702763;-31.483007
V/acc_v: 9.7528515;31.81349;-31.732452
V/acc_v: 9.666304;32.844044;-30.991556
V/acc_v: 9.378026;33.82369;-28.688955
V/acc_v: 8.967781;34.232136;-26.757048
V/acc_v: 8.262162;33.01649;-22.843035
V/acc_v: 8.381959;31.129147;-21.048294
V/acc_v: 8.59599;32.23603;-17.162966
V/acc_v: 8.753994;32.307724;-2.4831154
V/acc_v: 9.670094;30.688753;15.5415945
V/acc_v: 11.067231;27.7711;25.902985
V/acc_v: 12.296411;24.920593;32.32788
V/acc_v: 12.733288;23.79718;32.995956
V/acc_v: 12.151424;23.855314;28.2007
V/acc_v: 11.185946;24.361095;23.393782
V/acc_v: 10.560294;24.400726;20.905909
V/acc_v: 10.295998;25.499498;19.985601
V/acc_v: 10.239435;26.50195;20.379602
V/acc_v: 10.161639;26.985775;20.930248
V/acc_v: 10.221051;26.923227;22.53325
V/acc_v: 10.563183;25.754374;25.856323
V/acc_v: 11.0512;24.717041;28.779146
V/acc_v: 11.720276;23.330618;32.765133
V/acc_v: 12.188312;22.848185;36.504112
V/acc_v: 12.580485;22.901167;39.282955
V/acc_v: 13.868346;21.367504;41.66262
V/acc_v: 14.471166;21.507904;44.053047
V/acc_v: 14.394274;23.000017;47.50903
V/acc_v: 13.356555;28.21798;48.744423
V/acc_v: 10.951273;37.677837;46.444126
V/acc_v: 9.429763;54.44961;52.426746
V/acc_v: 10.128546;72.331436;65.97059
V/acc_v: 9.886067;123.492035;155.99431
V/acc_v: 10.241131;150.19864;-177.87091
V/acc_v: 12.884087;167.2498;-154.56187
V/acc_v: 18.182156;172.56197;-133.16896
V/acc_v: 23.12911;173.7268;-119.09842
V/acc_v: 25.888685;176.3192;-110.7036
V/acc_v: 25.8364;174.0951;-106.98095
V/acc_v: 23.213676;169.71841;-105.57665
V/acc_v: 19.124805;158.84024;-105.571175
V/acc_v: 15.2289;137.88536;-103.34478
V/acc_v: 12.635599;116.85225;-99.21163
V/acc_v: 11.056637;100.34752;-94.01371
V/acc_v: 9.86833;90.55897;-90.24226
V/acc_v: 8.968461;86.62546;-88.328354
V/acc_v: 9.068986;86.66944;-88.34608
V/acc_v: 9.734123;86.08175;-88.313515
V/acc_v: 9.947055;84.04828;-87.76233
V/acc_v: 10.530848;82.24822;-87.11125
V/acc_v: 11.089986;77.10173;-84.68484
V/acc_v: 10.929118;71.52837;-81.35633
V/acc_v: 10.242057;70.89865;-79.42687
V/acc_v: 8.511911;69.02729;-73.2969
V/acc_v: 7.083224;67.627144;-56.363934
V/acc_v: 6.987306;65.42873;-13.76809
V/acc_v: 8.262089;57.364742;21.855667
V/acc_v: 9.493057;48.805595;23.49523
V/acc_v: 10.032093;41.682507;17.482376
V/acc_v: 10.26683;36.59208;13.996326
V/acc_v: 10.2015505;33.18822;13.503167
V/acc_v: 10.484749;29.674448;16.833345
V/acc_v: 10.429877;28.0741;18.64919
V/acc_v: 10.591309;28.441936;19.170649
V/acc_v: 10.337873;30.697489;19.492302
V/acc_v: 10.217409;33.236675;24.257679
V/acc_v: 11.070182;32.63433;31.993433
V/acc_v: 12.570756;29.461998;37.43887
V/acc_v: 13.806361;25.954153;38.41748
V/acc_v: 13.888013;25.363602;38.857018
V/acc_v: 12.737563;32.404545;39.845432
V/acc_v: 11.471803;51.905727;47.258446
V/acc_v: 10.748813;81.55274;70.80063
V/acc_v: 11.293112;111.0446;152.53423
V/acc_v: 12.18495;140.1771;-174.40579
V/acc_v: 15.236711;165.43575;-154.69164
V/acc_v: 20.764015;179.20616;-133.00125
V/acc_v: 27.339281;-177.03906;-115.89207
V/acc_v: 28.20365;-178.07178;-108.81927
V/acc_v: 23.787676;177.48672;-108.43859
V/acc_v: 17.827402;165.51707;-109.43575
V/acc_v: 12.978975;139.07683;-106.405495
V/acc_v: 10.138963;112.41269;-100.9305
V/acc_v: 8.451363;96.551796;-94.59284
V/acc_v: 7.9298663;89.526924;-89.586815
V/acc_v: 8.141369;85.896355;-86.35065
V/acc_v: 8.500316;85.25797;-86.265045
V/acc_v: 9.091883;88.514275;-89.026535
V/acc_v: 9.772155;93.030815;-91.70645
V/acc_v: 10.348369;98.31835;-94.03116
V/acc_v: 10.911328;103.25163;-95.51882
V/acc_v: 11.654478;108.99245;-96.865524
V/acc_v: 11.641896;112.05023;-97.57664
V/acc_v: 11.4777775;111.03751;-97.03794
V/acc_v: 11.245254;107.30981;-95.917595
V/acc_v: 10.950418;101.409676;-94.153854
V/acc_v: 10.763331;96.14454;-92.47048
V/acc_v: 10.654102;93.76404;-91.69298
V/acc_v: 10.573332;90.945;-90.46182
V/acc_v: 10.602824;88.4911;-89.21238
V/acc_v: 10.289977;85.07758;-87.25484
V/acc_v: 10.097408;79.62858;-83.89565
V/acc_v: 9.962695;75.237724;-81.08878
V/acc_v: 9.408817;70.220634;-77.04657
V/acc_v: 8.536116;65.64796;-71.215996
V/acc_v: 7.624062;61.34774;-61.07136
V/acc_v: 7.1526556;55.631046;-44.13552
V/acc_v: 7.118322;51.102425;-24.487204
V/acc_v: 7.3502307;47.882202;-5.390354
V/acc_v: 7.8852158;45.39788;12.135795
V/acc_v: 8.690689;41.534603;22.92056
V/acc_v: 9.526895;37.773205;28.713219
V/acc_v: 10.750989;34.267593;31.216873
V/acc_v: 11.57276;31.8913;32.36855
V/acc_v: 11.75682;29.73526;28.874771
V/acc_v: 11.377154;28.818638;22.047573
V/acc_v: 10.777253;28.966444;12.710709
V/acc_v: 10.242584;30.352835;2.0786202
V/acc_v: 9.968876;32.17576;-8.258404
V/acc_v: 9.943596;33.988808;-16.0131
V/acc_v: 10.154461;35.775063;-21.602236
V/acc_v: 10.266374;36.846798;-27.167992
V/acc_v: 10.251364;36.479424;-28.264004
V/acc_v: 10.207444;35.465984;-28.478926
V/acc_v: 10.061938;34.349735;-25.921307
V/acc_v: 9.943197;34.150234;-22.206556
V/acc_v: 9.820515;34.7098;-18.424385
V/acc_v: 9.815405;35.631016;-15.912773
V/acc_v: 9.864583;35.935192;-15.58218
V/acc_v: 9.869129;35.69365;-16.2143
V/acc_v: 9.797572;35.473984;-16.978228
V/acc_v: 9.705309;35.452957;-17.343836
V/acc_v: 9.698038;35.782356;-17.947105
V/acc_v: 9.663272;35.897377;-19.087246
V/acc_v: 9.719777;36.090332;-20.939503
V/acc_v: 9.802336;35.747173;-22.718014
V/acc_v: 9.838124;36.28406;-23.846596
V/acc_v: 9.774123;36.481762;-24.371174
V/acc_v: 9.727136;36.487015;-23.82426
V/acc_v: 9.663044;36.108875;-22.754026
V/acc_v: 9.636543;36.311897;-22.516691
V/acc_v: 9.673159;36.380558;-22.202831
V/acc_v: 9.688573;36.417164;-22.176928
V/acc_v: 9.645075;36.516373;-22.479435
V/acc_v: 9.631313;36.569134;-22.985832
V/acc_v: 9.670605;36.594006;-23.21662
V/acc_v: 9.738879;36.35786;-23.095901
V/acc_v: 9.768249;36.164627;-22.731842
V/acc_v: 9.767842;36.365494;-23.029392
V/acc_v: 9.747488;36.566875;-22.921242
V/acc_v: 9.645121;36.636578;-22.19239
V/acc_v: 9.635435;36.696762;-21.55708
V/acc_v: 9.679829;36.82249;-20.960585
V/acc_v: 9.680907;36.733536;-21.077158
V/acc_v: 9.653283;36.98908;-21.627554
V/acc_v: 9.676193;37.042923;-22.404568
V/acc_v: 9.636836;36.594006;-22.51901
V/acc_v: 9.629624;36.539577;-22.627825
V/acc_v: 9.610259;36.875923;-23.01193
V/acc_v: 9.623311;36.767433;-23.271198
V/acc_v: 9.647369;36.755512;-23.528784
V/acc_v: 9.707514;36.791977;-23.886053
V/acc_v: 9.686488;37.17645;-24.116293
V/acc_v: 9.642944;37.357536;-23.599573
V/acc_v: 9.652229;37.253944;-23.121206
W/art: Suspending all threads took: 61.400ms
V/acc_v: 9.600754;36.7494;-22.7159
V/acc_v: 9.6801405;36.58309;-22.66212
V/acc_v: 9.718039;36.637184;-23.185127
V/acc_v: 9.77595;37.137356;-23.709507
V/acc_v: 9.783748;37.535957;-24.084143
V/acc_v: 9.742617;37.203526;-23.527277
V/acc_v: 9.697296;37.00737;-23.194075
V/acc_v: 9.663475;37.15102;-22.675793
V/acc_v: 9.615297;37.068275;-22.659975
V/acc_v: 9.614966;37.00218;-22.678646
V/acc_v: 9.6607;36.857944;-22.391405
V/acc_v: 9.659768;37.019493;-22.649128
V/acc_v: 9.709812;37.13805;-22.882092
V/acc_v: 9.756894;37.309574;-23.311192
V/acc_v: 9.80018;37.854183;-23.924156
V/acc_v: 9.734624;37.50304;-23.948517
V/acc_v: 9.666497;37.22431;-23.611567
V/acc_v: 9.610892;36.972492;-23.321552
V/acc_v: 9.669744;37.181416;-23.130495
V/acc_v: 9.648895;36.85788;-23.198591
V/acc_v: 9.687207;36.95961;-23.099152
V/acc_v: 9.714806;37.078896;-23.383518
V/acc_v: 9.706028;37.11493;-23.379248
V/acc_v: 9.650189;37.18223;-23.248615
V/acc_v: 9.584746;36.670746;-22.697287
V/acc_v: 9.624799;36.533325;-22.672956
V/acc_v: 9.6618395;36.93588;-23.153292
V/acc_v: 9.72466;37.35499;-24.213648
V/acc_v: 9.723224;37.840816;-24.463963
V/acc_v: 9.681905;37.56676;-24.025745
V/acc_v: 9.624376;37.081097;-23.603582
V/acc_v: 9.600336;37.063934;-24.050562
V/acc_v: 9.658227;37.22618;-24.449669
V/acc_v: 9.689372;37.350605;-24.158564
V/acc_v: 9.691569;37.403957;-23.95548
V/acc_v: 9.64725;37.00218;-23.348352
V/acc_v: 9.68046;36.881878;-23.270866
V/acc_v: 9.688085;36.666172;-23.40563
V/acc_v: 9.7708;37.161037;-23.553066
V/acc_v: 9.816257;37.537952;-23.584385
V/acc_v: 9.845737;37.903473;-24.073507
V/acc_v: 9.945958;38.742565;-25.65205
V/acc_v: 10.005742;38.903736;-26.94249
V/acc_v: 10.060274;39.31034;-29.499958
V/acc_v: 9.993713;37.903984;-29.559923
V/acc_v: 9.982231;37.360107;-30.173517
V/acc_v: 9.886013;36.700207;-28.758537
V/acc_v: 9.956821;36.02078;-27.590696
V/acc_v: 10.152332;36.12063;-28.531084
V/acc_v: 10.434461;36.531506;-33.175526
V/acc_v: 10.313417;35.778625;-34.650196
V/acc_v: 9.948711;35.402866;-33.601234
V/acc_v: 9.160478;35.334732;-29.382668
V/acc_v: 8.635894;36.636234;-27.279934
V/acc_v: 8.201491;39.097256;-21.840292
V/acc_v: 8.251647;39.67783;-2.9787679
V/acc_v: 9.585257;35.949467;23.180532
V/acc_v: 11.636113;32.588978;40.342567
V/acc_v: 12.675824;28.490133;41.530773
V/acc_v: 12.516182;26.807314;39.1669
V/acc_v: 11.838229;27.550714;34.8083
V/acc_v: 10.8439455;28.81324;28.123735
V/acc_v: 10.089105;29.512917;21.7672
V/acc_v: 9.751248;30.436113;16.526136
V/acc_v: 9.763134;31.003298;15.04437
V/acc_v: 10.048963;30.439724;17.63387
V/acc_v: 10.386083;29.824501;21.568071
V/acc_v: 10.788257;29.030518;25.598982
V/acc_v: 11.067716;28.597355;28.138784
V/acc_v: 11.268178;29.070448;29.68455
V/acc_v: 11.263776;29.883194;32.767715
V/acc_v: 11.949902;28.41465;37.129787
V/acc_v: 12.693082;28.58684;40.213
V/acc_v: 13.2172165;28.91674;41.633537
V/acc_v: 10.472004;40.218773;45.752434
V/acc_v: 8.634369;61.190834;51.58712
V/acc_v: 8.577534;80.37336;67.465195
V/acc_v: 9.509584;105.67463;158.99844
V/acc_v: 11.243327;123.71742;-165.02713
V/acc_v: 12.295704;140.60551;-147.32504
V/acc_v: 14.339095;160.56738;-133.98369
V/acc_v: 18.15077;174.45354;-120.73549
V/acc_v: 21.578856;175.85489;-112.30892
V/acc_v: 22.220446;169.14203;-108.42713
V/acc_v: 20.068146;164.88455;-106.406555
V/acc_v: 16.62364;157.82939;-104.30563
V/acc_v: 13.718611;134.59438;-101.5179
V/acc_v: 11.970624;115.46335;-99.22392
V/acc_v: 10.134426;103.06396;-96.297226
V/acc_v: 9.237293;94.91718;-92.93833
V/acc_v: 9.005497;88.50422;-89.01601
V/acc_v: 9.060921;84.01416;-86.10196
V/acc_v: 9.215395;81.94239;-85.092
V/acc_v: 9.55746;82.95622;-86.14246
V/acc_v: 10.152975;85.77735;-87.96101
V/acc_v: 10.626855;88.278336;-89.27158
V/acc_v: 11.050497;92.495575;-90.95661
V/acc_v: 11.350316;94.53664;-91.61534
V/acc_v: 11.502387;96.205;-92.171555
V/acc_v: 11.587966;100.171936;-93.58572
V/acc_v: 11.904174;96.96979;-92.43976
V/acc_v: 11.974961;91.54816;-90.560036
V/acc_v: 11.55339;84.360245;-87.78172
V/acc_v: 11.042107;79.8199;-85.46394
V/acc_v: 9.5973425;70.21132;-78.13507
V/acc_v: 8.832785;69.16444;-75.61308
V/acc_v: 7.9300528;66.460884;-69.676865
V/acc_v: 7.2288623;62.74087;-58.00038
V/acc_v: 7.0755806;58.956615;-39.934143
V/acc_v: 7.6051087;53.343204;-18.1946
V/acc_v: 8.162102;49.690563;-4.358944
V/acc_v: 8.602815;45.631084;0.6381127
V/acc_v: 8.773692;40.509315;7.4755535
V/acc_v: 8.9228;37.716976;16.911613
V/acc_v: 9.207613;36.027374;30.185543
V/acc_v: 10.923525;35.171314;35.950886
V/acc_v: 12.077297;35.338898;38.7692
V/acc_v: 11.505452;35.72435;32.18874
V/acc_v: 10.985875;35.179276;24.122196
V/acc_v: 10.520136;35.319653;22.986113
V/acc_v: 10.5050335;35.94502;29.561157
V/acc_v: 11.364728;33.472126;35.461224
V/acc_v: 12.864962;27.82093;37.51224
V/acc_v: 13.8001995;23.464733;34.819218
V/acc_v: 13.312559;24.436039;32.95641
V/acc_v: 12.039005;32.438427;35.94263
V/acc_v: 11.150149;48.97956;43.023502
V/acc_v: 10.388119;74.278244;59.595028
V/acc_v: 10.508089;101.3047;132.65205
V/acc_v: 10.555186;125.102715;-177.78699
V/acc_v: 11.755608;154.99948;-159.45587
V/acc_v: 15.951957;173.96083;-140.70453
V/acc_v: 22.31833;178.15025;-123.90477
V/acc_v: 24.651884;175.88484;-108.734
V/acc_v: 19.892714;171.50536;-108.522224
V/acc_v: 15.411481;155.2657;-109.6078
V/acc_v: 12.449815;135.22707;-107.77273
V/acc_v: 10.714247;119.530426;-103.726685
V/acc_v: 9.362086;107.29299;-99.40251
V/acc_v: 8.801991;98.28794;-95.539536
V/acc_v: 8.510514;93.35708;-92.54749
V/acc_v: 8.513754;89.892;-89.919754
V/acc_v: 8.757018;88.591835;-89.05834
V/acc_v: 9.172875;91.80262;-91.08027
V/acc_v: 9.651215;96.16526;-93.2403
V/acc_v: 10.145336;101.23401;-95.13538
V/acc_v: 10.904261;107.01922;-96.78069
V/acc_v: 11.58583;111.46837;-97.61445
V/acc_v: 12.250774;114.037605;-98.17994
V/acc_v: 12.381099;113.02699;-98.02132
V/acc_v: 12.044294;108.254456;-96.869705
V/acc_v: 11.54901;102.48249;-95.21767
V/acc_v: 10.903107;96.26349;-93.01279
V/acc_v: 10.232185;90.21995;-90.12276
V/acc_v: 9.717803;84.352325;-86.42991
V/acc_v: 9.511545;81.582344;-84.24436
V/acc_v: 9.701903;76.4492;-80.55454
V/acc_v: 9.731316;71.04669;-76.83305
V/acc_v: 9.66971;66.807755;-74.06848
V/acc_v: 9.423996;63.045628;-71.15082
V/acc_v: 8.980422;59.13227;-66.05999
V/acc_v: 8.528334;56.787384;-59.787346
V/acc_v: 8.224859;54.22195;-51.464073
V/acc_v: 8.3107815;47.098907;-29.357754
V/acc_v: 8.360096;45.119915;-20.471718
V/acc_v: 8.372448;43.703938;-14.566444
V/acc_v: 8.382152;42.2759;-8.565566
V/acc_v: 8.438958;41.228725;-1.3824352
V/acc_v: 8.6143;39.854973;10.51847
V/acc_v: 9.098563;37.71465;21.173555
V/acc_v: 9.490713;35.742832;25.393711
V/acc_v: 9.649423;33.43892;23.233507
V/acc_v: 9.775552;31.533672;16.2003
V/acc_v: 9.884375;30.206123;8.288565
V/acc_v: 9.932522;31.00163;-0.16103324
V/acc_v: 9.933245;33.065804;-7.842093
V/acc_v: 9.928507;35.33802;-13.678353
V/acc_v: 9.916412;37.019135;-19.197128
V/acc_v: 9.935292;37.677402;-23.965918
V/acc_v: 9.925303;37.33561;-27.251732
V/acc_v: 9.9805765;36.78548;-29.439905
V/acc_v: 10.060208;36.526165;-30.486858
V/acc_v: 10.0210285;36.430283;-29.720694
V/acc_v: 9.952445;36.10179;-26.873722
V/acc_v: 9.793428;36.02302;-23.05262
V/acc_v: 9.696219;36.49292;-19.894814
V/acc_v: 9.642135;36.905186;-18.225075
V/acc_v: 9.602465;37.01719;-17.612045
V/acc_v: 9.625439;37.287247;-17.700428
V/acc_v: 9.585133;37.326405;-18.858858
V/acc_v: 9.644609;37.59205;-20.05505
V/acc_v: 9.768665;37.916225;-21.47309
V/acc_v: 9.878652;38.353123;-23.387774
V/acc_v: 9.91941;38.815865;-24.865969
V/acc_v: 9.848596;38.395603;-25.23212
V/acc_v: 9.843914;38.103916;-24.944626
V/acc_v: 9.875993;38.276733;-24.915829
V/acc_v: 9.940409;38.7194;-24.994234
V/acc_v: 9.934688;39.25438;-24.611843
V/acc_v: 9.908998;39.058296;-24.332878
V/acc_v: 9.819765;38.609173;-23.389515
V/acc_v: 9.791754;38.15392;-22.476128
V/acc_v: 9.777594;38.452347;-22.769588
V/acc_v: 9.7972975;38.885983;-23.559628
V/acc_v: 9.81271;39.1643;-24.49577
V/acc_v: 9.795954;39.013023;-24.918272
V/acc_v: 9.732207;38.917664;-25.301378
V/acc_v: 9.742302;38.7396;-25.648521
V/acc_v: 9.744831;38.60815;-25.743496
V/acc_v: 9.750202;38.44887;-25.46632
V/acc_v: 9.7200365;38.500122;-25.275105
V/acc_v: 9.674337;38.433548;-25.050636
V/acc_v: 9.6437025;38.451614;-25.171307
V/acc_v: 9.653352;38.56046;-25.359495
V/acc_v: 9.682209;38.910336;-25.86063
V/acc_v: 9.633177;38.859295;-25.794443
V/acc_v: 9.604993;38.541183;-24.974348
V/acc_v: 9.612723;38.17254;-24.446857
V/acc_v: 9.612975;38.25259;-24.650146
V/acc_v: 9.655602;38.503883;-25.156424
V/acc_v: 9.607596;39.006763;-25.473986
V/acc_v: 9.644902;39.020214;-25.77807
V/acc_v: 9.695959;39.104137;-26.173693
V/acc_v: 9.709146;38.650414;-25.099047
V/acc_v: 9.698408;38.814953;-25.141554
V/acc_v: 9.700966;38.66451;-25.16026
V/acc_v: 9.716153;38.31367;-24.372015
V/acc_v: 9.713589;38.19753;-23.951899
V/acc_v: 9.734253;38.98548;-23.884212
V/acc_v: 9.699933;39.207203;-24.359426
V/acc_v: 9.660687;38.94645;-24.341854
V/acc_v: 9.539331;38.52665;-24.085163
V/acc_v: 9.567139;37.941746;-24.458498
V/acc_v: 9.582676;38.188072;-25.214209
V/acc_v: 9.672772;38.480198;-25.535336
V/acc_v: 9.703789;38.914013;-25.517456
V/acc_v: 9.703367;38.970886;-25.751955
V/acc_v: 9.78042;38.851433;-25.619766
V/acc_v: 9.770891;38.9168;-25.415562
V/acc_v: 9.7187805;38.83325;-24.987356
V/acc_v: 9.649915;38.918533;-24.324255
V/acc_v: 9.584003;38.650352;-23.901316
V/acc_v: 9.576873;38.683483;-24.07412
V/acc_v: 9.570381;38.783516;-24.884096
V/acc_v: 9.58989;38.236;-25.245974
V/acc_v: 9.588529;38.112747;-24.995695
V/acc_v: 9.6599865;38.825787;-26.001041
V/acc_v: 9.819889;39.497078;-27.647434
V/acc_v: 9.878941;39.285202;-27.271044
V/acc_v: 9.774403;38.80986;-26.085276
W/art: Suspending all threads took: 5.900ms
V/acc_v: 9.718068;38.206017;-24.406607
V/acc_v: 9.733035;38.194073;-23.832094
V/acc_v: 9.73639;38.56211;-23.789059
V/acc_v: 9.681666;38.678513;-23.705782
V/acc_v: 9.647592;38.256687;-23.378258
V/acc_v: 9.610132;38.060493;-23.88054
V/acc_v: 9.634908;38.286415;-24.74824
V/acc_v: 9.700642;38.612724;-25.395912
V/acc_v: 9.72935;39.338226;-26.26786
V/acc_v: 9.682227;39.090916;-26.314373
V/acc_v: 9.661073;38.446;-26.237827
V/acc_v: 9.696919;38.196346;-25.991959
V/acc_v: 9.672912;38.286415;-25.475317
V/acc_v: 9.771449;38.455082;-24.489801
V/acc_v: 9.769909;39.040504;-24.207054
V/acc_v: 9.755241;38.738544;-23.331526
V/acc_v: 9.741907;38.168884;-22.879168
V/acc_v: 9.548911;38.91661;-24.39676
V/acc_v: 9.700504;38.736244;-27.9441
V/acc_v: 9.855553;38.26265;-28.653666
V/acc_v: 9.795099;37.893578;-27.614418
V/acc_v: 9.6796;37.519115;-24.088938
V/acc_v: 9.554897;36.95413;-21.48267
V/acc_v: 9.529366;36.701538;-20.687428
V/acc_v: 9.54738;37.07414;-20.99209
V/acc_v: 9.7170725;37.739212;-23.030275
V/acc_v: 9.819613;37.758133;-24.025002
V/acc_v: 9.882093;37.76636;-24.469244
V/acc_v: 9.829938;37.33638;-23.565065
V/acc_v: 9.779626;36.964535;-22.77737
V/acc_v: 9.851667;36.717392;-22.510666
V/acc_v: 9.98979;36.343945;-22.239244
V/acc_v: 10.07939;36.64593;-22.830454
V/acc_v: 10.127389;36.150986;-25.346176
V/acc_v: 10.202846;35.500748;-25.808008
V/acc_v: 10.26366;35.368584;-27.862839
V/acc_v: 10.296109;34.707947;-27.124699
V/acc_v: 10.201569;34.520382;-24.949917
V/acc_v: 9.991564;35.039177;-21.101082
V/acc_v: 9.57855;36.43598;-19.13028
V/acc_v: 9.29404;34.377716;-15.202409
V/acc_v: 9.153739;31.010777;-12.182113
V/acc_v: 8.978353;30.112654;-13.696163
V/acc_v: 8.815482;31.054558;-3.413344
V/acc_v: 9.400853;33.02012;14.24526
V/acc_v: 10.44417;33.63481;26.701632
V/acc_v: 10.912936;32.42394;30.24612
V/acc_v: 10.456308;31.707176;27.634626
V/acc_v: 9.964157;32.115635;25.70257
V/acc_v: 10.2754965;32.7405;28.142859
V/acc_v: 10.709378;33.55296;32.869057
V/acc_v: 10.947035;34.173668;37.120544
V/acc_v: 11.872161;29.368471;38.49033
V/acc_v: 13.016332;25.634356;39.785446
V/acc_v: 13.886591;25.631716;42.912865
V/acc_v: 14.213023;27.118448;46.215797
V/acc_v: 13.846476;32.95356;49.89218
V/acc_v: 12.245076;48.60886;54.863377
V/acc_v: 10.386234;74.273506;66.82524
V/acc_v: 10.595753;99.2957;122.91853
V/acc_v: 11.589691;119.48663;-179.03876
V/acc_v: 12.794819;140.804;-154.17206
V/acc_v: 15.52795;160.83179;-135.99109
V/acc_v: 25.302187;179.43584;-110.22753
V/acc_v: 25.119864;177.35915;-107.302574
V/acc_v: 21.3601;176.87698;-105.23823
V/acc_v: 16.524824;162.96112;-102.692955
V/acc_v: 12.948663;126.98535;-99.08173
V/acc_v: 10.515401;103.49283;-94.96854
V/acc_v: 9.092933;91.78991;-90.872116
V/acc_v: 8.61133;84.99463;-87.09165
V/acc_v: 8.619532;81.40409;-84.6465
V/acc_v: 8.801213;78.56439;-82.847755
V/acc_v: 9.306719;77.76188;-82.70987
V/acc_v: 10.016635;78.61123;-83.88889
V/acc_v: 10.603834;80.60666;-85.537735
V/acc_v: 11.439441;83.30874;-87.28475
V/acc_v: 12.146418;86.20395;-88.65943
V/acc_v: 12.779731;88.00046;-89.370155
V/acc_v: 12.791508;88.50241;-89.55256
V/acc_v: 12.482425;84.56681;-88.34703
V/acc_v: 11.448753;86.92667;-88.99182
V/acc_v: 10.891248;81.69581;-86.727196
V/acc_v: 10.191075;76.93068;-83.33761
V/acc_v: 9.840112;75.118126;-80.55921
V/acc_v: 9.351495;72.64877;-76.58382
V/acc_v: 8.675949;69.190735;-69.99146
V/acc_v: 8.008089;64.03725;-58.51092
V/acc_v: 7.615986;58.801426;-44.051743
V/acc_v: 7.5798426;51.99568;-26.29421
V/acc_v: 7.60197;48.06419;-11.446027
V/acc_v: 7.8038673;45.372852;2.5004106
V/acc_v: 8.380142;43.451843;18.574015
V/acc_v: 11.004347;39.805573;38.18065
V/acc_v: 11.661608;37.443455;39.546852
V/acc_v: 11.629186;36.21187;38.034927
V/acc_v: 11.713044;34.91983;37.07355
V/acc_v: 11.793677;33.27911;35.000668
V/acc_v: 11.997062;30.652323;31.972845
V/acc_v: 11.957553;29.054605;29.232819
V/acc_v: 11.676704;29.154255;30.04245
V/acc_v: 11.654592;30.179434;32.016506
V/acc_v: 12.102032;32.588505;36.986923
V/acc_v: 12.1191225;41.82017;44.639656
V/acc_v: 11.830616;60.956215;53.900578
V/acc_v: 11.455785;85.597305;79.80784
V/acc_v: 10.848258;109.247604;150.9057
V/acc_v: 9.474594;134.77467;-176.34428
V/acc_v: 9.472209;163.33029;-159.03586
V/acc_v: 13.942349;172.8151;-140.48537
V/acc_v: 18.723255;172.94698;-128.89151
V/acc_v: 22.435192;174.63974;-120.804276
V/acc_v: 23.09844;175.93784;-115.59304
V/acc_v: 22.106554;172.55217;-112.83004
V/acc_v: 18.922836;169.44096;-111.20539
V/acc_v: 15.566959;158.37842;-109.952736
V/acc_v: 13.047079;144.1938;-109.02209
V/acc_v: 11.470205;135.76283;-108.39541
V/acc_v: 10.371368;128.27103;-107.637856
V/acc_v: 9.765984;122.98352;-107.27298
V/acc_v: 9.440308;119.41871;-106.61191
V/acc_v: 9.303125;116.87049;-105.30175
V/acc_v: 9.498864;115.822655;-104.271965
V/acc_v: 10.162599;116.56505;-103.344315
V/acc_v: 10.537257;117.3358;-103.1331
V/acc_v: 11.082526;118.511246;-103.087036
V/acc_v: 11.507322;119.39467;-102.86787
V/acc_v: 11.66367;119.54704;-102.594376
V/acc_v: 11.771396;118.65595;-102.11742
V/acc_v: 11.592676;115.524345;-101.17477
V/acc_v: 11.327137;112.524376;-100.31192
V/acc_v: 11.021519;108.611244;-99.042564
V/acc_v: 10.94796;105.14098;-97.74626
V/acc_v: 11.123904;102.94357;-96.81193
V/acc_v: 11.278707;99.78063;-95.092926
V/acc_v: 11.1965475;95.62186;-92.96046
V/acc_v: 11.000522;90.941765;-90.51029
V/acc_v: 10.443766;85.65285;-87.44168
V/acc_v: 9.813487;80.12543;-83.62321
V/acc_v: 9.243853;75.02656;-79.278244
V/acc_v: 8.743995;70.67084;-74.461105
V/acc_v: 8.172202;65.65577;-68.21471
V/acc_v: 7.6288114;59.965458;-58.904
V/acc_v: 7.2540045;53.841816;-46.433014
V/acc_v: 7.1677527;48.30413;-33.107517
V/acc_v: 7.3282123;45.850185;-21.387417
V/acc_v: 7.5471277;44.66251;-11.557879
V/acc_v: 7.6740475;44.089817;-2.8847494
V/acc_v: 7.869644;43.4171;6.804799
V/acc_v: 8.397516;41.920002;17.033123
V/acc_v: 8.920209;40.548553;23.788084
V/acc_v: 9.285893;38.923798;24.334728
V/acc_v: 9.490235;36.76797;19.061354
V/acc_v: 10.187295;33.271366;3.8311949
V/acc_v: 10.391003;32.201534;-4.0545335
V/acc_v: 10.528922;31.474546;-10.361947
V/acc_v: 10.44546;31.56345;-14.695382
V/acc_v: 10.1856575;32.533047;-17.088821
V/acc_v: 9.994705;33.911713;-19.072227
V/acc_v: 9.937426;35.48398;-20.711308
V/acc_v: 9.970207;35.921032;-21.936771
V/acc_v: 9.993402;36.146503;-22.520565
V/acc_v: 9.940925;35.686726;-22.759834
V/acc_v: 9.958442;35.17992;-22.253174
V/acc_v: 9.954895;34.84724;-21.673477
V/acc_v: 9.877041;34.904152;-20.124878
V/acc_v: 9.861627;35.417057;-18.53039
V/acc_v: 9.853953;35.81824;-17.601847
V/acc_v: 9.864525;36.481224;-16.549128
V/acc_v: 9.839055;36.46424;-15.654103
V/acc_v: 9.78456;36.628193;-16.19134
V/acc_v: 9.731453;36.492577;-17.09258
V/acc_v: 9.7711525;36.260082;-18.261915
V/acc_v: 9.859323;36.19777;-19.876383
V/acc_v: 9.980588;36.495422;-21.411142
V/acc_v: 10.102555;36.801254;-22.54881
V/acc_v: 10.067218;36.771816;-23.536743
V/acc_v: 9.9503;36.263245;-23.264042
V/acc_v: 9.777669;35.61312;-21.876446
V/acc_v: 9.71799;35.16096;-20.16806
V/acc_v: 9.635239;35.129726;-18.380846
V/acc_v: 9.620961;35.339233;-17.542833
V/acc_v: 9.633504;35.483032;-17.444374
V/acc_v: 9.65174;35.102978;-18.413353
V/acc_v: 9.753242;35.17404;-19.235863
V/acc_v: 9.704491;35.112762;-19.97732
V/acc_v: 9.697855;35.067066;-20.36193
V/acc_v: 9.695144;35.24467;-21.103176
V/acc_v: 9.587296;35.087856;-21.128344
V/acc_v: 9.572027;34.23746;-19.919188
V/acc_v: 9.445851;34.008095;-18.903236
V/acc_v: 9.408385;33.639957;-17.354025
V/acc_v: 9.379573;33.798584;-16.413067
V/acc_v: 9.39357;33.598553;-15.859745
V/acc_v: 9.370398;33.83977;-15.093085
V/acc_v: 9.455205;33.97012;-14.909126
V/acc_v: 9.545771;34.026085;-16.236927
V/acc_v: 9.548184;34.161457;-18.661669
V/acc_v: 9.640231;33.78881;-19.64704
V/acc_v: 9.536808;33.364525;-20.326658
V/acc_v: 9.487729;33.236084;-20.718704
V/acc_v: 9.492536;33.051796;-20.563961
V/acc_v: 9.614078;33.117874;-20.591246
V/acc_v: 9.750677;34.074326;-20.78191
V/acc_v: 9.960639;34.64957;-20.705673
V/acc_v: 10.097336;35.34222;-21.317913
V/acc_v: 10.103807;35.4119;-21.287586
V/acc_v: 10.243214;35.10449;-20.694784
V/acc_v: 10.15882;35.449585;-19.288513
V/acc_v: 10.009604;35.402695;-17.849253
V/acc_v: 9.889404;35.478;-16.480509
V/acc_v: 9.779118;34.94254;-15.569341
V/acc_v: 9.658885;34.619587;-15.739398
V/acc_v: 9.625429;33.730732;-16.358992
V/acc_v: 9.649289;33.3459;-18.816069
V/acc_v: 9.705833;33.060917;-19.43084
V/acc_v: 9.743868;33.828934;-20.400467
V/acc_v: 9.772672;34.03276;-20.82788
V/acc_v: 9.551241;33.831825;-20.536211
V/acc_v: 9.432682;33.077168;-19.125746
V/acc_v: 9.352423;32.368805;-17.503216
V/acc_v: 9.288027;32.24049;-16.054459
V/acc_v: 9.339896;32.429646;-14.94695
V/acc_v: 9.488145;33.000286;-14.872074
V/acc_v: 9.572774;33.73901;-15.655365
V/acc_v: 9.696131;33.706276;-17.39602
V/acc_v: 9.769924;33.147495;-18.914837
V/acc_v: 9.835954;33.285557;-20.226477
V/acc_v: 9.773384;33.347176;-20.810486
V/acc_v: 9.73209;33.632755;-20.587122
V/acc_v: 9.73784;33.64116;-19.758863
V/acc_v: 9.670999;33.5592;-18.953592
V/acc_v: 9.696347;33.55968;-18.698982
V/acc_v: 9.692563;33.36457;-18.223915
V/acc_v: 9.680253;33.293198;-16.699244
V/acc_v: 9.597291;32.851612;-15.635767
V/acc_v: 9.64383;33.18039;-15.308187
V/acc_v: 9.720138;33.295376;-16.325562
V/acc_v: 9.798419;33.65798;-17.407425
V/acc_v: 9.810255;34.01213;-18.707684
V/acc_v: 9.801326;33.867504;-18.864634
V/acc_v: 9.75185;33.519592;-19.127247
V/acc_v: 9.747141;33.316227;-19.23067
V/acc_v: 9.719899;33.347176;-19.631498
V/acc_v: 9.700414;33.193623;-18.413906
V/acc_v: 9.721517;33.131535;-17.615593
V/acc_v: 9.663417;33.39795;-16.747458
V/acc_v: 9.627906;33.51135;-16.075224
V/acc_v: 9.520891;33.230858;-15.514996
V/acc_v: 9.542406;32.878986;-15.833844
V/acc_v: 9.545598;32.459854;-16.134977
V/acc_v: 9.582986;32.34661;-16.837051
V/acc_v: 9.634683;32.38068;-17.940943
V/acc_v: 9.688757;32.57751;-19.198011
V/acc_v: 9.699394;32.8045;-20.002874
V/acc_v: 9.716475;32.900852;-20.93809
V/acc_v: 9.717625;32.777946;-20.841269
V/acc_v: 9.743521;32.99546;-20.28995
V/acc_v: 9.741851;32.976036;-18.664799
V/acc_v: 9.741407;33.367554;-17.183414
V/acc_v: 9.677196;33.23759;-15.945395
V/acc_v: 9.6193495;33.276417;-15.329087
V/acc_v: 9.61052;32.89367;-15.552902
V/acc_v: 9.635026;32.82854;-16.285645
V/acc_v: 9.7083435;32.64387;-17.650126
V/acc_v: 9.764157;33.041035;-19.17495
V/acc_v: 9.7388115;33.29026;-19.920914
V/acc_v: 9.7045355;33.339417;-19.013674
V/acc_v: 9.637108;33.020164;-17.71535
V/acc_v: 9.599727;32.751144;-16.50317
V/acc_v: 9.576207;32.67681;-16.051662
V/acc_v: 9.578109;32.855724;-16.421848
V/acc_v: 9.581595;32.790165;-16.541388
V/acc_v: 9.616316;32.92998;-17.258022
V/acc_v: 9.596592;32.720993;-17.905428
V/acc_v: 9.641504;32.93139;-17.451744
V/acc_v: 9.679037;33.33233;-17.663158
V/acc_v: 9.661583;33.494823;-17.38406
V/acc_v: 9.724966;33.53633;-17.686235
V/acc_v: 9.76337;33.6256;-17.667406
V/acc_v: 9.802867;33.730213;-17.78508
V/acc_v: 9.834544;33.6338;-18.820457
V/acc_v: 9.896467;33.938065;-19.234276
V/acc_v: 9.885932;34.065956;-18.94511
V/acc_v: 9.880531;33.9615;-18.36204
V/acc_v: 9.330666;32.27971;-17.773415
V/acc_v: 9.160558;33.6472;-17.212257
V/acc_v: 9.424695;34.005104;-15.878701
V/acc_v: 9.372776;33.956017;-14.967386
V/acc_v: 9.403135;33.623657;-15.531526
V/acc_v: 9.49558;33.70661;-17.276413
V/acc_v: 9.608292;33.871147;-18.96941
V/acc_v: 9.758741;33.51102;-19.858673
V/acc_v: 9.769936;33.30014;-19.656042
V/acc_v: 9.77244;33.333645;-19.082685
V/acc_v: 9.7283535;33.828167;-18.793833
V/acc_v: 9.6833515;34.372707;-17.85795
V/acc_v: 9.673628;35.037575;-17.42116
V/acc_v: 9.711491;35.10419;-17.26274
V/acc_v: 9.766064;34.292313;-16.940063
V/acc_v: 9.689551;33.004356;-15.817053
V/acc_v: 9.6408615;31.550074;-15.455117
V/acc_v: 9.593573;30.878113;-15.460541
W/art: Suspending all threads took: 178.375ms
V/acc_v: 9.611302;31.145262;-16.212708
V/acc_v: 9.73688;32.341705;-17.206776
V/acc_v: 9.8022785;32.787594;-18.445314
V/acc_v: 9.832321;32.89233;-19.179008
V/acc_v: 9.866054;32.976612;-18.795942
V/acc_v: 9.710494;32.05187;-17.571781
V/acc_v: 9.570657;31.059984;-16.268147
V/acc_v: 9.58257;31.125322;-15.786292
V/acc_v: 9.64943;31.300402;-16.37469
V/acc_v: 9.820757;31.607502;-17.195595
V/acc_v: 9.846923;31.407747;-16.884586
V/acc_v: 9.897274;34.00864;-18.206017
V/acc_v: 10.001342;32.777817;-17.417368
V/acc_v: 8.987026;27.834055;-13.395675
V/acc_v: 10.579591;11.387143;-9.262489
V/acc_v: 10.346178;11.427385;-13.466318
V/acc_v: 9.322401;14.619594;-15.441317
V/acc_v: 9.259871;32.138245;-16.861404
V/acc_v: 10.646978;46.020332;-21.71511
V/acc_v: 11.411108;52.81666;-23.905178
V/acc_v: 11.11655;48.79476;-23.512806
V/acc_v: 10.011115;37.85244;-20.524328
V/acc_v: 9.463699;27.47443;-16.047726
V/acc_v: 9.234893;22.232325;-14.524152
V/acc_v: 9.279934;23.64156;-14.728865
V/acc_v: 9.554264;29.561886;-15.361268
V/acc_v: 9.897642;35.36171;-17.090424
V/acc_v: 10.194556;38.550808;-19.58369
V/acc_v: 10.166073;37.981365;-21.231506
V/acc_v: 9.904099;34.667744;-19.949251
V/acc_v: 9.675587;31.180996;-18.352272
V/acc_v: 9.498845;30.175308;-15.272535
V/acc_v: 9.581474;32.09259;-15.366577
V/acc_v: 9.649946;33.803623;-16.330454
V/acc_v: 9.670236;33.75499;-17.040882
V/acc_v: 9.700391;33.098576;-17.308344
V/acc_v: 9.633632;32.042778;-16.966146
V/acc_v: 9.608838;31.619057;-16.159424
V/acc_v: 9.569488;32.08368;-16.542349
V/acc_v: 9.579457;32.459854;-17.068247
W/art: Suspending all threads took: 65.562ms
V/acc_v: 9.787632;32.7091;-17.551947
V/acc_v: 9.747534;32.61142;-16.765598
V/acc_v: 9.677583;32.60548;-16.31074
V/acc_v: 9.652124;32.5946;-16.284203
V/acc_v: 9.641946;32.543167;-16.632198
V/acc_v: 9.658651;32.16081;-17.010183
V/acc_v: 9.628839;32.005383;-17.543869
V/acc_v: 9.668982;32.133102;-17.797543
V/acc_v: 9.659211;32.41034;-17.59551
V/acc_v: 9.585429;32.618248;-16.641394
V/acc_v: 9.593495;32.545776;-16.580505
