I/art: CollectorTransition marksweep + semispace GC freed 1644(45KB) AllocSpace objects, 0(0B) LOS objects, 24% free, 5MB/6MB, paused 122.377ms total 122.377ms
V/acc_v: 11.254634;30.435352;-22.645447
V/acc_v: 11.36118;32.247135;-22.879694
V/acc_v: 9.061098;32.1926;-28.591145
V/acc_v: 9.061098;32.1926;-28.591145
V/acc_v: 9.061098;32.1926;-28.591145
V/acc_v: 9.061098;32.1926;-28.591145
V/acc_v: 9.061098;32.1926;-28.591145
V/acc_v: 9.061098;32.1926;-28.591145
V/acc_v: 9.061098;32.1926;-28.591145
V/acc_v: 9.159717;32.33367;-27.041481
V/acc_v: 9.159717;32.33367;-27.041481
V/acc_v: 9.159717;32.33367;-27.041481
V/acc_v: 9.159717;32.33367;-27.041481
V/acc_v: 9.159717;32.33367;-27.041481
V/acc_v: 9.159717;32.33367;-27.041481
V/acc_v: 9.159717;32.33367;-27.041481
V/acc_v: 9.331038;32.197727;-26.2179
V/acc_v: 9.331038;32.197727;-26.2179
V/acc_v: 9.331038;32.197727;-26.2179
V/acc_v: 9.331038;32.197727;-26.2179
V/acc_v: 9.4940605;31.932602;-25.765215
V/acc_v: 9.574789;30.884699;-24.406172
V/acc_v: 9.825294;29.567324;-23.425806
V/acc_v: 10.06536;28.714417;-22.272152
V/acc_v: 10.272839;29.49718;-20.89879
V/acc_v: 9.92978;32.239853;-18.72992
V/acc_v: 10.206601;33.45706;-19.425987
V/acc_v: 10.317501;32.781906;-19.653824
V/acc_v: 10.327685;32.413425;-20.895668
V/acc_v: 10.217375;32.867207;-23.227278
V/acc_v: 10.133245;32.941093;-24.880365
V/acc_v: 10.137493;32.60838;-26.425646
V/acc_v: 10.078624;32.08069;-26.84386
V/acc_v: 10.042667;32.165947;-26.831087
V/acc_v: 9.94628;32.233147;-26.111681
V/acc_v: 9.752687;31.5383;-24.606491
V/acc_v: 9.584621;30.780804;-23.16433
V/acc_v: 9.584876;30.58041;-21.49223
V/acc_v: 9.584539;30.90693;-21.016335
V/acc_v: 9.597587;31.546442;-21.049332
V/acc_v: 9.668911;30.764595;-25.051931
V/acc_v: 9.707744;31.561811;-24.626017
V/acc_v: 9.591398;31.1836;-23.61066
V/acc_v: 9.660655;30.50128;-25.284992
V/acc_v: 9.650724;29.348164;-16.495192
V/acc_v: 9.772875;29.501055;-15.91907
V/acc_v: 9.911908;30.605019;-17.42035
V/acc_v: 9.974556;31.699286;-18.575974
V/acc_v: 9.852065;33.12844;-21.771194
V/acc_v: 9.76541;33.456886;-24.42497
W/art: Suspending all threads took: 32.329ms
V/acc_v: 9.636708;33.913445;-27.409754
V/acc_v: 9.561467;33.59459;-27.68106
V/acc_v: 9.520336;34.70715;-28.825554
V/acc_v: 9.346722;35.989292;-29.977022
V/acc_v: 9.421314;36.28893;-32.197884
V/acc_v: 9.370099;37.083736;-34.636307
V/acc_v: 9.430149;38.633026;-38.68657
V/acc_v: 9.469099;40.238426;-42.195522
V/acc_v: 9.54313;41.390152;-45.572937
V/acc_v: 9.60011;42.92997;-49.32625
V/acc_v: 9.68603;44.638954;-53.504364
V/acc_v: 10.0142145;45.29382;-58.355953
V/acc_v: 9.929655;42.9329;-58.45688
V/acc_v: 9.894811;41.83394;-58.742798
V/acc_v: 9.826573;41.32045;-57.703777
V/acc_v: 9.744;42.229786;-57.878693
V/acc_v: 9.60881;42.300247;-57.648087
V/acc_v: 9.437013;42.328136;-57.95699
V/acc_v: 9.093358;40.832226;-55.984814
V/acc_v: 9.040066;40.438873;-55.628426
V/acc_v: 9.124378;40.90308;-55.725677
V/acc_v: 9.106647;41.87183;-58.185238
V/acc_v: 8.971747;42.906837;-59.285732
V/acc_v: 8.902226;43.745552;-59.95009
V/acc_v: 8.9951935;43.487938;-60.6221
V/acc_v: 9.230707;44.05043;-61.843
V/acc_v: 9.293139;43.492565;-62.599834
V/acc_v: 9.251342;43.22166;-63.434948
V/acc_v: 9.246801;45.0;-64.37414
V/acc_v: 9.324543;46.597187;-64.34617
V/acc_v: 9.388002;46.959927;-64.7134
V/acc_v: 9.460933;47.346275;-65.44026
V/acc_v: 9.518226;48.699802;-66.7558
V/acc_v: 9.567359;50.588898;-68.34444
V/acc_v: 10.018472;52.036976;-70.88925
V/acc_v: 10.3984585;51.26748;-72.35842
V/acc_v: 10.4312725;50.75719;-72.934235
V/acc_v: 10.520692;53.08137;-74.12699
V/acc_v: 10.798976;52.58577;-75.09964
V/acc_v: 10.90004;51.99461;-76.129684
V/acc_v: 11.218506;55.56453;-78.91409
V/acc_v: 11.937874;61.868656;-82.305214
V/acc_v: 13.114334;69.78473;-85.640594
V/acc_v: 14.872172;72.1142;-87.16367
V/acc_v: 16.829287;69.60073;-87.30572
V/acc_v: 19.04765;79.0229;-88.69541
V/acc_v: 20.239151;127.48356;-95.121574
V/acc_v: 19.20236;156.6099;-109.63053
V/acc_v: 15.757653;160.80138;-129.35837
V/acc_v: 13.930046;160.28;-155.71371
V/acc_v: 14.05922;150.51299;146.08287
V/acc_v: 31.012001;110.20384;95.994095
V/acc_v: 26.349997;56.59982;78.79857
V/acc_v: 22.883444;27.046967;62.763565
V/acc_v: 17.901852;20.96964;49.068115
V/acc_v: 12.489847;28.065489;25.333426
V/acc_v: 10.659517;30.615864;9.814787
V/acc_v: 10.060548;30.958715;25.178015
V/acc_v: 10.864981;33.66367;42.474174
V/acc_v: 11.072244;33.17743;47.622547
V/acc_v: 10.9679365;30.981443;47.74626
V/acc_v: 11.147553;30.722246;47.13915
V/acc_v: 10.984945;30.563803;44.80863
V/acc_v: 10.322633;30.07299;38.53229
V/acc_v: 9.9219;30.072886;32.230457
V/acc_v: 9.963271;30.675465;31.5772
V/acc_v: 10.163284;31.53782;34.553677
V/acc_v: 10.188766;31.48613;35.184326
V/acc_v: 9.964405;31.088299;33.305477
V/acc_v: 9.766884;30.345934;31.94225
V/acc_v: 9.740821;29.535965;33.197567
V/acc_v: 10.007083;29.869421;36.011826
V/acc_v: 10.243685;30.077412;37.97047
V/acc_v: 10.348541;29.508848;38.573833
V/acc_v: 10.350042;28.94799;38.515545
V/acc_v: 10.406769;28.802366;38.350616
V/acc_v: 10.530659;29.459166;38.174828
V/acc_v: 10.689916;29.903522;36.43465
V/acc_v: 10.770424;30.26494;34.223183
V/acc_v: 10.719812;30.373098;31.532574
V/acc_v: 10.683684;30.759233;28.84376
V/acc_v: 10.593643;30.499832;26.538881
V/acc_v: 10.244677;29.260674;21.414623
V/acc_v: 10.1180105;28.720665;18.01942
V/acc_v: 9.996286;28.6239;13.855547
V/acc_v: 9.882786;29.163624;9.831901
V/acc_v: 9.832316;29.699697;6.488865
V/acc_v: 9.57631;31.421406;4.362706
V/acc_v: 9.493571;32.005386;3.4744074
V/acc_v: 9.355524;33.478645;1.827221
V/acc_v: 9.150651;34.962543;-2.5228949
V/acc_v: 8.93953;35.419292;-7.753337
V/acc_v: 8.848736;35.621933;-12.807617
V/acc_v: 8.717883;36.823536;-22.369732
V/acc_v: 8.90375;35.719006;-32.47119
V/acc_v: 9.301466;33.480633;-39.945225
V/acc_v: 9.617991;31.636314;-43.498375
V/acc_v: 10.002065;32.032257;-45.52913
V/acc_v: 10.663678;34.91885;-49.634388
V/acc_v: 11.186766;34.44148;-51.31104
V/acc_v: 11.048042;32.127754;-49.552765
V/acc_v: 10.444346;30.417057;-46.40206
V/acc_v: 9.54626;29.53566;-40.730133
V/acc_v: 8.846747;30.256437;-33.976543
V/acc_v: 8.470117;31.097313;-27.320627
V/acc_v: 8.435315;31.650467;-22.766548
V/acc_v: 8.609401;31.318771;-20.221237
V/acc_v: 8.916165;30.50478;-20.091208
V/acc_v: 9.200074;30.29463;-19.811676
V/acc_v: 9.5592575;30.803928;-20.06737
V/acc_v: 9.791301;32.111645;-21.247147
V/acc_v: 10.097094;33.764145;-27.933344
V/acc_v: 10.150975;33.873547;-30.503515
V/acc_v: 10.084201;33.368233;-31.466526
V/acc_v: 9.87919;32.91445;-30.941978
V/acc_v: 9.669654;33.14109;-29.672094
V/acc_v: 9.576315;32.80653;-27.391304
V/acc_v: 9.533629;32.98211;-26.267414
V/acc_v: 9.494321;33.030426;-26.460443
V/acc_v: 9.498941;33.06334;-26.982933
V/acc_v: 9.593823;33.30914;-27.718502
V/acc_v: 9.714518;33.49214;-28.696411
V/acc_v: 9.821136;33.664185;-30.555296
V/acc_v: 9.851441;33.282246;-31.549002
V/acc_v: 9.805361;33.79529;-32.407143
V/acc_v: 9.769333;34.15688;-32.605083
V/acc_v: 9.755078;34.17569;-32.729393
V/acc_v: 9.720457;33.839756;-31.871193
V/acc_v: 9.631316;33.39211;-29.968533
V/acc_v: 9.472458;33.118275;-28.133385
V/acc_v: 9.458855;32.978737;-27.641745
V/acc_v: 9.463966;32.950695;-28.043034
W/art: Suspending all threads took: 7.284ms
V/acc_v: 9.5703335;33.097614;-28.220196
V/acc_v: 9.558841;33.114777;-28.119207
V/acc_v: 9.491013;33.047802;-28.411222
V/acc_v: 9.533824;33.354027;-29.81061
V/acc_v: 9.645754;33.90237;-31.508772
V/acc_v: 9.779623;34.30471;-32.40667
V/acc_v: 9.785355;34.224052;-32.084232
V/acc_v: 9.753353;34.187595;-31.309378
V/acc_v: 9.759569;34.021305;-31.169634
V/acc_v: 9.67857;34.023945;-31.120884
V/acc_v: 9.647359;33.778065;-30.83447
V/acc_v: 9.640797;33.50567;-30.39082
V/acc_v: 9.5950775;33.391518;-29.73263
V/acc_v: 9.601732;33.611294;-29.458406
V/acc_v: 9.6230955;33.882656;-29.855309
V/acc_v: 9.740647;34.44862;-31.081337
V/acc_v: 9.8724785;34.05434;-31.985023
V/acc_v: 9.772918;33.559216;-31.301146
V/acc_v: 9.553934;33.415756;-30.18747
V/acc_v: 9.48917;33.28158;-29.720129
V/acc_v: 9.529299;33.255684;-30.044472
V/acc_v: 9.634247;33.40052;-30.171543
V/acc_v: 9.570014;33.284843;-29.781694
V/acc_v: 9.527875;33.27489;-29.559923
V/acc_v: 9.485972;32.87988;-29.901054
V/acc_v: 9.528037;32.816345;-30.630743
V/acc_v: 9.543861;33.05625;-31.070936
V/acc_v: 9.6461525;33.264877;-31.494413
V/acc_v: 9.723655;33.769325;-31.909147
V/acc_v: 9.724998;33.840057;-32.170334
V/acc_v: 9.640522;33.486984;-31.087093
V/acc_v: 9.512386;33.156853;-30.106287
V/acc_v: 9.537858;32.991806;-29.695757
V/acc_v: 9.593396;33.082436;-30.001318
V/acc_v: 9.603955;33.225327;-29.622627
V/acc_v: 9.53722;33.284843;-29.321663
V/acc_v: 9.539564;33.149723;-30.052038
V/acc_v: 9.704092;33.31139;-31.524755
V/acc_v: 9.799063;33.795506;-32.56729
V/acc_v: 9.682482;33.6023;-30.913445
V/acc_v: 9.555247;33.29237;-30.006935
V/acc_v: 9.559603;33.249138;-29.76944
V/acc_v: 9.595333;33.232624;-29.932373
V/acc_v: 9.571345;33.054554;-29.99369
V/acc_v: 9.562259;33.04652;-29.704027
V/acc_v: 9.52385;32.973022;-29.699793
V/acc_v: 9.655199;33.214302;-30.924656
V/acc_v: 9.774583;33.506397;-31.626488
V/acc_v: 9.754814;33.350372;-30.814245
V/acc_v: 9.51579;32.967964;-28.877577
V/acc_v: 9.379379;32.40244;-27.869387
V/acc_v: 9.404506;32.640842;-28.495638
V/acc_v: 9.580658;32.986656;-29.594059
V/acc_v: 9.617691;33.03183;-29.874786
V/acc_v: 9.47907;32.95418;-29.270863
V/acc_v: 9.413802;32.97589;-27.526905
V/acc_v: 9.408971;33.165314;-26.278046
V/acc_v: 9.460671;33.61207;-25.824915
V/acc_v: 9.463857;33.288567;-23.340742
V/acc_v: 9.46253;33.208885;-21.01313
V/acc_v: 9.434023;34.120155;-20.3626
V/acc_v: 9.469473;34.779915;-21.673416
V/acc_v: 9.486459;35.551994;-24.281223
V/acc_v: 9.454227;36.435085;-27.819841
V/acc_v: 9.386082;37.329704;-31.017624
V/acc_v: 9.320993;38.488853;-33.650932
V/acc_v: 9.385983;40.302303;-38.078312
V/acc_v: 9.326422;41.50048;-40.305088
V/acc_v: 9.272221;43.413124;-44.166023
V/acc_v: 8.919832;42.887356;-49.273945
V/acc_v: 8.860489;44.449684;-53.80961
V/acc_v: 8.752645;47.559002;-57.047955
V/acc_v: 9.102017;49.9344;-60.99268
V/acc_v: 9.397675;51.31761;-64.57509
V/acc_v: 9.723708;52.03707;-67.293015
V/acc_v: 9.966097;53.349743;-69.731674
V/acc_v: 10.047588;53.820377;-70.5217
V/acc_v: 10.048358;54.701683;-71.3852
V/acc_v: 10.096859;56.21559;-73.11928
V/acc_v: 10.297225;55.919827;-74.83502
V/acc_v: 10.533671;56.273773;-76.40552
V/acc_v: 10.88776;57.93613;-78.23819
V/acc_v: 11.26679;58.503864;-79.67474
V/acc_v: 11.394312;56.440395;-79.89108
V/acc_v: 11.766462;55.39631;-80.2339
V/acc_v: 12.188889;55.828083;-80.981766
V/acc_v: 12.367783;53.99764;-80.98139
V/acc_v: 11.9639635;55.239777;-81.01272
V/acc_v: 11.744538;60.920197;-82.24024
V/acc_v: 11.715817;68.64751;-84.368645
V/acc_v: 12.158339;63.68015;-83.557655
V/acc_v: 12.88501;57.80141;-82.708046
V/acc_v: 13.948005;53.020687;-82.43437
V/acc_v: 15.487843;46.889618;-82.37818
V/acc_v: 16.381012;62.730526;-86.62859
V/acc_v: 16.113012;139.7851;-98.23919
V/acc_v: 13.591539;130.26591;-100.69831
V/acc_v: 10.203806;146.5738;-125.49419
V/acc_v: 10.340094;150.09811;162.27261
V/acc_v: 26.499577;127.175606;105.03356
V/acc_v: 22.499891;109.51517;98.635475
V/acc_v: 18.94994;84.47026;87.43219
V/acc_v: 16.641426;44.805943;68.76763
V/acc_v: 14.487206;20.84006;47.35027
V/acc_v: 11.998208;17.198542;25.22765
V/acc_v: 10.646904;24.421549;19.595413
V/acc_v: 10.744537;35.36476;34.157944
V/acc_v: 11.319415;41.240196;45.140976
V/acc_v: 11.555126;39.21231;48.00274
V/acc_v: 11.736008;35.11487;48.663826
V/acc_v: 11.623167;32.914555;46.33392
V/acc_v: 11.04299;32.515892;40.705986
V/acc_v: 10.449738;32.237713;34.81289
V/acc_v: 10.042017;31.946598;31.631805
V/acc_v: 9.964157;32.277035;32.487934
V/acc_v: 10.033167;32.78833;34.505337
V/acc_v: 10.143962;33.14483;36.21606
V/acc_v: 10.146509;32.654716;36.699753
V/acc_v: 10.0689745;32.10732;36.247272
V/acc_v: 10.000727;31.453924;35.559036
V/acc_v: 10.046938;31.202036;34.231853
V/acc_v: 10.052832;31.454927;34.01238
V/acc_v: 10.032359;31.56375;34.929344
V/acc_v: 10.080151;31.699827;36.152523
V/acc_v: 10.1149;31.615946;37.051117
V/acc_v: 10.171468;32.11483;37.83276
V/acc_v: 10.223341;31.978268;37.420742
V/acc_v: 10.228586;31.824673;36.21032
V/acc_v: 10.346165;31.37557;34.69328
V/acc_v: 9.91293;30.378212;29.413582
V/acc_v: 9.864139;29.012804;28.363604
V/acc_v: 9.9208145;28.932766;28.475578
V/acc_v: 9.981348;29.630556;29.95001
V/acc_v: 10.071269;30.446833;31.366028
V/acc_v: 10.112;31.391607;32.2512
V/acc_v: 10.19609;31.397768;32.043896
V/acc_v: 10.237475;30.50233;31.277464
V/acc_v: 10.21323;29.68184;29.421432
V/acc_v: 10.160045;29.083227;26.659397
V/acc_v: 10.08583;29.04893;24.274986
V/acc_v: 10.040273;28.83493;22.160038
V/acc_v: 10.029084;28.773077;20.001507
V/acc_v: 9.848243;29.009672;17.757866
V/acc_v: 9.93602;28.587759;15.842675
V/acc_v: 10.0062;29.25566;13.226221
V/acc_v: 9.964079;29.87959;10.13801
V/acc_v: 9.818834;30.098124;9.176692
V/acc_v: 9.754044;29.808344;9.796668
V/acc_v: 9.617829;29.812757;9.408483
V/acc_v: 9.44851;29.813595;6.3918233
V/acc_v: 9.300293;29.389898;2.5380452
V/acc_v: 9.224596;29.13259;-1.9057517
V/acc_v: 9.271001;29.170027;-6.201986
V/acc_v: 9.267903;29.199787;-9.434551
V/acc_v: 9.236391;29.374197;-11.948003
V/acc_v: 9.247694;29.496557;-13.937797
V/acc_v: 9.287542;30.125292;-15.545837
V/acc_v: 9.301888;30.044876;-17.956165
V/acc_v: 9.360586;29.630556;-20.000132
V/acc_v: 9.357063;29.437153;-21.690813
V/acc_v: 9.37518;28.957943;-22.448032
V/acc_v: 9.318808;29.161243;-22.93796
V/acc_v: 9.289196;29.929022;-23.728727
V/acc_v: 9.295968;30.565535;-25.113888
V/acc_v: 9.37676;31.290909;-26.53528
V/acc_v: 9.42434;31.47795;-27.778574
V/acc_v: 9.502432;31.523632;-29.375578
V/acc_v: 9.573331;31.506907;-30.263437
V/acc_v: 9.624509;31.67257;-31.151613
V/acc_v: 9.683317;31.444672;-31.172024
V/acc_v: 9.729091;31.780037;-31.31922
V/acc_v: 9.828726;31.576696;-31.039457
V/acc_v: 9.880879;31.172338;-30.931587
V/acc_v: 9.911142;31.043428;-30.429195
V/acc_v: 9.868669;31.621689;-29.905046
V/acc_v: 9.845439;32.22083;-29.153412
V/acc_v: 9.863068;32.99938;-29.380375
V/acc_v: 9.838198;33.27972;-29.466167
V/acc_v: 9.823841;33.133816;-29.366499
V/acc_v: 9.708739;32.87913;-28.78662
V/acc_v: 9.573206;32.507267;-27.844286
V/acc_v: 9.489608;32.551136;-27.648775
V/acc_v: 9.537659;32.20959;-28.25622
V/acc_v: 9.589328;32.558514;-29.273956
V/acc_v: 9.662952;32.763626;-29.8658
V/acc_v: 9.697268;32.765457;-30.070057
V/acc_v: 9.634194;32.858482;-29.704403
V/acc_v: 9.553891;32.79655;-29.977257
V/acc_v: 9.608782;32.844044;-30.23527
V/acc_v: 9.664504;33.179535;-30.919125
V/acc_v: 9.706802;33.1345;-31.673128
V/acc_v: 9.717271;33.312145;-31.446432
V/acc_v: 9.655588;33.089302;-31.236937
V/acc_v: 9.595325;32.532288;-30.331575
V/acc_v: 9.574681;32.480953;-29.858492
V/acc_v: 9.597898;32.643806;-29.724607
V/acc_v: 9.675163;33.173428;-30.394611
V/acc_v: 9.800101;33.71619;-31.466194
V/acc_v: 9.797988;33.742504;-31.896254
V/acc_v: 9.693597;33.286457;-30.924784
V/acc_v: 9.519794;32.76203;-29.372145
V/acc_v: 9.389564;32.426918;-28.271294
V/acc_v: 9.424697;32.92581;-28.794672
V/acc_v: 9.548341;33.061344;-30.104612
V/acc_v: 9.6223;33.354027;-31.003033
V/acc_v: 9.626401;33.327385;-31.087093
V/acc_v: 9.590111;33.070675;-30.570248
V/acc_v: 9.560882;32.777454;-30.265888
V/acc_v: 9.665726;32.994595;-30.896925
V/acc_v: 9.709842;33.54899;-31.819849
V/acc_v: 9.713524;33.87552;-32.14994
V/acc_v: 9.676421;33.327385;-31.726614
V/acc_v: 9.649685;33.079994;-31.253801
V/acc_v: 9.579753;32.876915;-30.23284
V/acc_v: 9.525132;32.823357;-29.548355
V/acc_v: 9.510962;33.433334;-29.658306
V/acc_v: 9.570176;33.540356;-29.818672
V/acc_v: 9.656321;33.427444;-30.17878
V/acc_v: 9.713381;33.393875;-30.30086
V/acc_v: 9.74444;33.550938;-30.524696
V/acc_v: 9.617176;33.56632;-30.941254
V/acc_v: 9.572497;33.369637;-31.17239
V/acc_v: 9.536879;32.975246;-31.070936
V/acc_v: 9.526259;32.741047;-31.110262
V/acc_v: 9.541551;33.367683;-31.523302
V/acc_v: 9.610264;33.10317;-31.462067
V/acc_v: 9.58851;33.128887;-31.401636
V/acc_v: 9.541872;32.714085;-30.168896
V/acc_v: 9.501256;33.184685;-29.654303
V/acc_v: 9.526723;33.424812;-29.711962
V/acc_v: 9.663626;33.514584;-30.599674
V/acc_v: 9.727527;33.38372;-31.085875
V/acc_v: 9.675091;33.365723;-30.589426
V/acc_v: 9.593501;33.345608;-30.462212
V/acc_v: 9.6167555;33.030514;-30.122221
V/acc_v: 9.62232;32.767582;-29.99577
V/acc_v: 9.574627;33.1275;-29.512037
V/acc_v: 9.595333;33.232624;-29.932373
V/acc_v: 9.667133;33.242657;-30.544813
V/acc_v: 9.730041;32.95945;-30.193653
V/acc_v: 9.679168;33.401093;-30.516752
V/acc_v: 9.62352;33.72529;-30.580511
V/acc_v: 9.645983;33.557644;-31.159956
V/acc_v: 9.665849;33.63704;-31.573324
V/acc_v: 9.694844;33.601948;-31.571306
V/acc_v: 9.662583;33.461346;-30.902212
V/acc_v: 9.597955;33.293167;-30.32735
V/acc_v: 9.50158;33.02387;-29.855824
V/acc_v: 9.488483;32.976696;-30.168192
V/acc_v: 9.551526;32.97013;-30.59724
V/acc_v: 9.492661;32.706165;-30.539185
V/acc_v: 9.497863;33.084446;-30.168192
V/acc_v: 9.464295;33.05753;-29.736628
V/acc_v: 9.557581;33.46943;-29.908936
V/acc_v: 9.561592;33.29396;-29.564642
V/acc_v: 9.617668;33.250893;-30.041706
V/acc_v: 9.683995;33.53237;-30.678705
V/acc_v: 9.6879635;33.313644;-30.567774
V/acc_v: 9.679264;32.705013;-29.72879
V/acc_v: 9.62977;33.121677;-29.582457
V/acc_v: 9.658988;33.3766;-29.493229
V/acc_v: 9.644261;33.375355;-29.817993
V/acc_v: 9.603692;33.19691;-30.176157
V/acc_v: 9.607136;33.074383;-30.025301
V/acc_v: 9.555304;32.99979;-30.100067
V/acc_v: 9.616324;33.225327;-29.7937
V/acc_v: 9.612612;33.619957;-29.777561
V/acc_v: 9.636006;33.56706;-30.42399
V/acc_v: 9.690881;33.409508;-30.829916
V/acc_v: 9.742411;33.558956;-31.158016
V/acc_v: 9.731453;33.33099;-31.196619
V/acc_v: 9.689673;33.30306;-31.186436
V/acc_v: 9.646951;33.03183;-30.270517
V/acc_v: 9.535036;33.330273;-28.777348
V/acc_v: 9.4706955;33.068836;-27.312996
V/acc_v: 9.461246;33.01992;-26.340069
V/acc_v: 9.627574;33.62985;-27.393438
V/acc_v: 9.6980715;33.656197;-26.093613
V/acc_v: 9.56278;33.50522;-22.24478
V/acc_v: 9.442709;33.975998;-19.92437
V/acc_v: 9.483264;35.816856;-24.289288
V/acc_v: 9.6455555;36.225525;-28.229717
V/acc_v: 9.762627;36.283993;-30.815704
V/acc_v: 9.743193;36.982906;-31.743242
V/acc_v: 9.52774;36.320087;-29.363338
V/acc_v: 9.249198;37.62031;-30.120514
V/acc_v: 9.083742;38.99967;-31.686752
V/acc_v: 9.085729;40.552616;-36.172993
V/acc_v: 9.184995;42.101105;-41.297935
V/acc_v: 9.314498;43.489826;-45.997215
V/acc_v: 9.336776;44.53195;-50.686245
V/acc_v: 9.498499;44.824963;-55.2146
V/acc_v: 9.609201;44.100464;-58.405075
V/acc_v: 9.715054;43.822857;-60.927246
V/acc_v: 9.882255;44.252407;-63.136677
V/acc_v: 10.0441265;44.859398;-65.024254
V/acc_v: 10.329268;45.252087;-66.73387
V/acc_v: 10.421163;44.14932;-67.332596
V/acc_v: 10.536749;43.069412;-67.88097
V/acc_v: 10.495214;41.697388;-68.00936
V/acc_v: 10.490831;39.77759;-67.280876
V/acc_v: 10.337399;40.157288;-66.61408
V/acc_v: 10.3285265;40.668793;-65.67724
V/acc_v: 10.045169;40.935055;-64.59425
V/acc_v: 9.848693;41.923313;-63.863422
V/acc_v: 10.694076;42.536;-67.329926
V/acc_v: 11.995391;41.250248;-71.774925
V/acc_v: 13.336182;34.749714;-73.784195
V/acc_v: 14.887138;26.845911;-74.692726
V/acc_v: 17.268993;20.53594;-74.87641
V/acc_v: 21.530153;13.412358;-81.68788
V/acc_v: 20.977304;20.772255;-87.3452
V/acc_v: 17.054716;77.40343;-89.35607
V/acc_v: 11.462059;163.98676;-111.99799
V/acc_v: 8.10401;159.72731;-153.86537
V/acc_v: 15.149785;150.07353;134.86188
V/acc_v: 28.727262;137.55238;112.7811
V/acc_v: 29.238329;129.13065;109.75492
V/acc_v: 22.61365;115.46872;103.40499
V/acc_v: 15.647984;86.69469;88.15369
V/acc_v: 11.096202;40.89798;48.62657
V/acc_v: 11.80789;17.95788;18.21213
V/acc_v: 12.257287;15.101447;10.919616
V/acc_v: 11.381216;26.1674;14.12686
V/acc_v: 11.029135;40.60426;31.175257
V/acc_v: 12.005953;48.295017;51.248657
V/acc_v: 12.987188;46.60102;58.094604
V/acc_v: 12.831293;39.89823;54.63067
V/acc_v: 12.153015;33.96993;47.80294
V/acc_v: 11.417874;32.09823;42.000996
V/acc_v: 10.852953;33.554935;38.917336
V/acc_v: 10.359336;35.1832;37.09461
V/acc_v: 10.074657;35.841915;35.816345
V/acc_v: 9.907542;34.647102;34.01737
V/acc_v: 9.980985;33.32341;33.79426
V/acc_v: 10.0993185;32.502804;35.573227
V/acc_v: 10.132235;32.171654;36.742615
V/acc_v: 10.005214;32.146034;36.569054
V/acc_v: 9.866368;32.438595;36.28909
V/acc_v: 9.845281;33.144756;36.517624
V/acc_v: 10.032704;34.024757;38.157227
V/acc_v: 10.535045;34.334114;41.54615
V/acc_v: 10.616074;34.453487;42.522892
V/acc_v: 10.550571;33.962383;42.70283
V/acc_v: 10.373427;33.04181;41.52611
V/acc_v: 10.266075;32.323555;39.699074
V/acc_v: 10.245765;32.15152;37.92738
V/acc_v: 10.22524;32.152294;36.0517
V/acc_v: 10.08949;32.96375;33.818493
V/acc_v: 9.930631;33.060375;31.737757
V/acc_v: 9.90076;32.88254;29.437393
V/acc_v: 9.811834;32.912766;27.329142
V/acc_v: 9.906709;33.102654;25.631742
V/acc_v: 10.047619;32.1382;23.847443
V/acc_v: 9.98277;31.5202;21.46666
V/acc_v: 9.983459;30.919336;20.039648
V/acc_v: 9.86452;30.326889;17.327435
V/acc_v: 9.688693;30.258522;14.09145
V/acc_v: 9.433907;30.630997;10.009929
V/acc_v: 9.220986;31.992727;5.8569064
V/acc_v: 9.208176;32.36841;0.9519038
V/acc_v: 9.176768;32.221054;-3.567527
V/acc_v: 9.14566;32.0566;-8.105159
V/acc_v: 9.100176;31.27403;-12.464213
V/acc_v: 9.075287;31.161789;-16.822964
V/acc_v: 9.009748;31.32154;-21.411694
V/acc_v: 9.030021;31.40457;-26.286392
V/acc_v: 9.14616;31.317394;-31.375114
V/acc_v: 9.335266;30.834314;-35.104492
V/acc_v: 9.617453;29.875368;-36.668995
V/acc_v: 10.077081;29.608406;-39.165974
V/acc_v: 10.621574;28.927183;-41.83988
V/acc_v: 10.388402;28.986454;-41.583714
V/acc_v: 10.108495;29.28993;-40.089024
V/acc_v: 9.879919;29.55641;-38.546013
V/acc_v: 9.699394;29.390694;-36.385666
V/acc_v: 9.44111;29.473341;-34.001404
V/acc_v: 9.193953;29.343046;-31.275854
V/acc_v: 9.161185;29.30695;-29.248825
V/acc_v: 9.348803;28.644184;-28.558537
V/acc_v: 9.625969;29.127981;-28.296457
V/acc_v: 9.769223;30.741228;-28.152647
V/acc_v: 9.834144;31.950253;-28.0313
V/acc_v: 9.783164;32.612026;-27.501879
V/acc_v: 9.705611;32.35607;-26.390724
V/acc_v: 9.703564;31.807747;-25.884886
V/acc_v: 9.672377;31.843548;-25.227083
V/acc_v: 9.647972;31.827446;-24.740961
V/acc_v: 9.626946;32.03776;-24.571428
V/acc_v: 9.666867;32.0702;-25.398886
V/acc_v: 9.7493;32.0702;-26.70919
V/acc_v: 9.893407;31.659452;-28.356283
V/acc_v: 10.005937;31.69533;-29.737167
V/acc_v: 10.008186;31.885607;-30.115347
V/acc_v: 9.91971;31.972898;-29.43659
V/acc_v: 9.8167925;31.806746;-28.315844
V/acc_v: 9.704547;31.4398;-27.154818
V/acc_v: 9.599229;31.224844;-26.579582
V/acc_v: 9.467533;31.03374;-26.00551
V/acc_v: 9.463028;30.920555;-26.373869
V/acc_v: 9.530997;31.2752;-26.682161
V/acc_v: 9.569765;31.17367;-27.58289
V/acc_v: 9.576636;31.087505;-27.610373
V/acc_v: 9.624176;30.672699;-28.433512
V/acc_v: 9.619335;30.714176;-29.251068
V/acc_v: 9.579309;30.389559;-29.641272
V/acc_v: 9.587208;30.254147;-29.478315
V/acc_v: 9.522483;30.55927;-28.85624
V/acc_v: 9.511979;30.692059;-27.948034
V/acc_v: 9.550224;30.99609;-27.423622
V/acc_v: 9.584077;31.227346;-27.726784
V/acc_v: 9.679374;31.166101;-27.671732
V/acc_v: 9.746387;31.196795;-27.892294
V/acc_v: 9.681593;31.351711;-27.472147
V/acc_v: 9.569186;31.370407;-26.769314
V/acc_v: 9.523843;31.145645;-25.978926
V/acc_v: 9.540179;30.73911;-26.113338
V/acc_v: 9.5539255;30.824636;-26.404966
V/acc_v: 9.6407385;30.83584;-27.15556
V/acc_v: 9.640386;31.177944;-27.89224
V/acc_v: 9.72957;30.969097;-28.701962
V/acc_v: 9.809455;30.782442;-29.56526
V/acc_v: 9.794477;30.792692;-29.68232
V/acc_v: 9.66483;30.64566;-29.02357
V/acc_v: 9.550495;30.828535;-27.900646
V/acc_v: 9.570654;30.684582;-27.115677
V/acc_v: 9.641086;30.883444;-27.816984
V/acc_v: 9.759255;30.512617;-28.19354
V/acc_v: 9.743859;30.325624;-28.19354
V/acc_v: 9.706723;30.176016;-27.75854
V/acc_v: 9.61692;29.984756;-27.124086
V/acc_v: 9.614828;29.953608;-26.952179
V/acc_v: 9.62923;29.563187;-27.09291
V/acc_v: 9.603789;29.555084;-26.994225
V/acc_v: 9.600764;29.853016;-26.593763
V/acc_v: 9.604854;29.864513;-26.5507
V/acc_v: 9.617958;29.571259;-26.650824
V/acc_v: 9.57535;29.118576;-27.07967
V/acc_v: 9.54278;28.901783;-27.023293
V/acc_v: 9.521348;28.50749;-26.622318
V/acc_v: 9.518865;28.670567;-26.220678
V/acc_v: 9.443276;28.475138;-25.089205
V/acc_v: 9.397324;28.572882;-24.306465
V/acc_v: 9.457876;28.578255;-23.534744
V/acc_v: 9.4501;28.479288;-23.22839
V/acc_v: 9.450376;28.439516;-23.390045
V/acc_v: 9.434314;28.395992;-24.173075
V/acc_v: 9.4640875;28.823158;-25.276909
V/acc_v: 9.52001;29.191074;-25.613094
V/acc_v: 9.662921;29.587307;-26.76424
V/acc_v: 9.900557;30.164331;-27.92964
V/acc_v: 10.131082;30.634413;-29.087162
V/acc_v: 10.231828;30.314383;-29.457676
V/acc_v: 10.209327;29.87764;-28.704067
V/acc_v: 10.101016;29.855667;-27.450647
V/acc_v: 9.898517;29.472471;-25.953623
V/acc_v: 9.684796;29.430862;-24.715147
V/acc_v: 9.581523;29.394547;-24.03111
V/acc_v: 9.533498;29.015745;-23.533304
V/acc_v: 9.4946575;28.635082;-23.18162
V/acc_v: 9.466106;28.336376;-23.09245
V/acc_v: 9.415666;28.116608;-23.82426
V/acc_v: 9.455488;28.167799;-24.037872
V/acc_v: 9.519355;28.116203;-24.099155
V/acc_v: 9.579988;28.13403;-24.114477
V/acc_v: 9.564805;28.41355;-24.277298
V/acc_v: 9.512697;28.422493;-24.17791
V/acc_v: 9.487062;28.382692;-23.897026
V/acc_v: 9.468008;28.161974;-23.664469
V/acc_v: 9.519237;27.97266;-23.497288
V/acc_v: 9.552142;27.897272;-23.265652
V/acc_v: 9.548419;28.194979;-22.79481
V/acc_v: 9.5069895;28.309074;-22.513308
V/acc_v: 9.485445;28.081553;-22.758642
V/acc_v: 9.4558;28.00685;-23.156206
V/acc_v: 9.51851;27.678385;-22.770016
V/acc_v: 9.524106;27.12932;-22.989605
V/acc_v: 9.487197;27.686453;-23.421824
V/acc_v: 9.421482;27.733906;-23.122185
V/acc_v: 9.45795;28.077965;-23.402037
V/acc_v: 9.563395;28.642366;-23.855103
V/acc_v: 9.698143;28.510918;-24.321243
V/acc_v: 9.783905;28.731236;-24.941265
V/acc_v: 9.830059;28.627295;-24.964249
V/acc_v: 9.869906;28.440735;-24.62591
V/acc_v: 9.799124;28.634434;-23.991064
V/acc_v: 9.754011;28.502436;-23.417166
V/acc_v: 9.706796;28.249735;-22.85506
V/acc_v: 9.610996;28.247345;-22.286554
V/acc_v: 9.534233;27.781311;-22.080727
V/acc_v: 9.555876;27.600977;-21.996817
V/acc_v: 9.610578;27.922516;-22.326557
W/art: Suspending all threads took: 26.171ms
V/acc_v: 9.708354;28.296688;-22.199902
V/acc_v: 9.710946;28.380154;-22.539762
V/acc_v: 9.703171;27.895708;-22.26888
V/acc_v: 9.661736;27.360964;-22.070267
V/acc_v: 9.579242;27.365675;-21.60085
V/acc_v: 9.518316;27.205276;-21.113203
V/acc_v: 9.062787;21.696053;-17.45248
V/acc_v: 8.89632;24.484615;-21.559002
V/acc_v: 9.791586;27.67666;-25.067463
V/acc_v: 9.737513;30.11906;-27.046993
V/acc_v: 9.708873;30.453093;-26.29378
V/acc_v: 9.840572;31.754566;-26.849749
V/acc_v: 9.83442;32.155952;-26.293102
V/acc_v: 9.761231;31.200516;-23.734207
V/acc_v: 9.772119;30.810314;-22.752882
V/acc_v: 9.813682;30.841633;-22.595322
V/acc_v: 9.843491;31.191624;-22.334986
V/acc_v: 9.832504;31.6595;-21.395359
V/acc_v: 9.768098;31.877462;-20.377306
V/acc_v: 9.714525;31.024408;-19.317616
V/acc_v: 9.680074;31.37362;-18.848629
V/acc_v: 9.718216;31.768986;-18.579792
V/acc_v: 9.590296;30.444475;-17.948086
V/acc_v: 9.495098;20.044867;-17.51636
V/acc_v: 8.9126625;4.6492686;-16.199722
V/acc_v: 9.301805;14.459394;-22.319145
V/acc_v: 9.932568;22.126026;-25.315397
V/acc_v: 9.689519;23.841978;-23.39507
V/acc_v: 9.462655;25.592405;-20.80501
V/acc_v: 9.65285;26.833727;-21.078104
V/acc_v: 9.897782;22.051414;-23.749495
V/acc_v: 10.077348;14.193394;-23.1399
V/acc_v: 10.571031;-1.8947271;-16.57993
V/acc_v: 9.395364;-23.027584;-16.78073
V/acc_v: 8.099465;-1.9421068;-22.486988
V/acc_v: 9.690612;46.484653;-19.870823
V/acc_v: 12.133967;52.87906;-27.468252
V/acc_v: 12.309391;56.572872;-26.816347
V/acc_v: 11.708476;51.51242;-26.359917
V/acc_v: 10.500501;35.721474;-23.81015
V/acc_v: 9.878862;17.888586;-19.462566
V/acc_v: 9.781974;9.43796;-19.19765
V/acc_v: 9.675752;12.84977;-20.671354
V/acc_v: 9.630251;22.378479;-22.378479
V/acc_v: 9.862387;31.024775;-23.382069
V/acc_v: 9.949997;34.867325;-23.5807
V/acc_v: 9.673098;32.275646;-22.258694
V/acc_v: 9.301662;26.300375;-20.848679
V/acc_v: 9.176789;21.091919;-20.11343
V/acc_v: 9.124614;19.78687;-20.741587
V/acc_v: 9.185645;22.173992;-21.878452
V/acc_v: 9.336931;25.117502;-22.799515
V/acc_v: 9.474815;26.703781;-23.370197
V/acc_v: 9.53732;26.620184;-23.364809
V/acc_v: 9.562732;25.603342;-23.087496
V/acc_v: 9.539358;24.983456;-22.742598
V/acc_v: 9.484132;25.16821;-22.743477
